14156	1
1531
10178
2328
70
4193
5796
8194
10283
5574
9468
7570
8706
7563
359
2281
4548
8805
9984
5576
8504
728
933
9820
10413
5364
6587
9663
5125
10290
8302
7069
5144
7218
441
1467
2866
4660
9348
7514
2212
3790
4663
3308
8151
4974
4647
9920
174
4163
5275
5133
4666
10296
2939
5122
8362
5909
6005
6966
4551
10296
10518
1604
6594
6784
10109
625
8519
4220
4427
4429
3828
145
4996
10227
4745
9655
5487
7226
5591
2262
3159
8159
441
8346
254
3108
5140
6597
5259
4064
10499
7879
7448
4862
3162
9787
8157
2912
2757
1540
3042
1947
6804
1697
6869
5934
6719
6591
9913
6356
10109
241
10116
6662
3222
5087
8905
3037
9628
2317
10591
1871
6250
8482
10287
9736
4576
6680
4426
5156
845
5225
2936
58
6322
7076
3298
3187
1245
5091
8698
1404
7784
5909
146
650
470
4701
8186
9859
3513
3556
7662
1119
1267
2990
1043
7440
9516
6316
2125
6797
9374
3744
9444
4426
1550
3584
8602
4850
3813
5091
10199
1918
7169
2554
4105
9317
80
8599
1268
8946
2530
2065
455
3387
10117
6234
1488
7484
3116
5096
3775
4831
901
728
9474
3143
4194
2080
8759
7712
1019
10403
3018
10212
6252
2139
5316
3990
2130
4794
5909
5073
4442
8908
7311
6605
4116
4565
1765
195
6053
6431
6524
701
2470
1278
3792
7404
3919
7875
7895
835
9064
1751
3655
1986
6189
7637
668
4081
6049
3486
3647
4103
2691
4964
6779
7571
6217
6714
3660
3936
9385
4348
2819
4891
7528
980
5957
8752
3355
6088
1081
522
7701
4644
10157
2359
10035
5389
339
2547
6549
4712
4665
7789
1678
3030
4383
9375
10585
174
5806
9266
7522
7622
7215
3262
3523
122
2349
6250
2463
6623
2132
174
4529
551
5487
3395
1200
7006
9565
9076
740
994
5869
1185
2308
9801
2403
9372
6303
990
9663
935
7219
4768
4760
32
2231
4618
8888
197
9939
8615
8593
7043
9745
8396
9439
3147
412
5968
2772
3781
1856
6235
7008
1581
2530
105
5497
4566
298
5261
5661
1195
2249
6431
10013
10140
4361
807
4464
9139
9264
1674
4861
7326
2262
8106
10322
3915
7259
1692
174
10498
2913
904
7838
6250
8216
2169
2901
7433
5551
8668
6937
4644
7254
9811
484
10486
3044
4168
641
1808
8884
10541
6805
793
7707
8569
9115
10377
6828
5088
10405
810
10259
3761
4909
4907
821
3828
6829
7526
5659
2470
4107
1956
5751
9836
81
9850
1583
3170
499
7895
682
588
4405
6956
8500
9808
441
547
2924
4983
4000
5309
1711
7039
9470
3534
2446
6064
10390
6334
6962
2277
2042
2625
3800
10179
1132
9073
3127
2557
2612
5267
2087
1728
5821
7675
4439
6915
9427
3397
9756
1324
43
7962
5069
1092
6008
3911
2707
1319
523
1151
7665
4316
5492
3146
7298
791
9854
783
2406
5772
1334
5165
6112
6900
1479
2013
6412
9475
10038
9320
6886
5379
1306
4751
3296
1876
2785
889
2085
10483
6399
4543
261
6621
9976
7876
934
54
578
6933
9264
254
2095
6420
1111
5096
1792
4958
962
4290
10235
803
5034
8440
9409
4040
6088
7597
1923
4644
3992
6627
4456
3162
2417
1490
233
4827
5509
4693
7442
9205
2624
1541
9196
500
4420
6437
7139
7132
1614
4426
10253
6327
8205
7895
9300
8891
10317
8974
9005
3468
2177
1770
4926
2517
2912
2184
5227
8673
576
9073
1168
3007
4669
1276
3022
1479
383
7656
2871
7209
4252
9773
7397
3808
7408
2317
7199
2573
4261
4335
7185
9930
10341
10413
3530
258
3828
145
7738
4983
7596
8103
10542
9804
7256
8139
138
7214
523
5692
5316
6009
276
2129
5909
2224
1377
9423
1316
1309
8674
1870
311
8559
8681
6320
5833
3532
8193
4703
7935
2489
2945
5174
8850
333
9821
283
4347
7321
8595
7209
6888
8131
6504
1693
3201
3480
8861
3347
10174
7139
6094
4801
8712
2398
7547
3545
8265
3388
8915
9514
7853
6019
2262
2566
810
8510
2488
9105
5011
10541
9376
6591
560
6403
8854
8287
8587
5563
5991
7954
43
4250
525
8882
8639
7052
5968
6419
6075
660
8288
5948
6059
3346
7196
2993
2788
8875
6980
2418
387
6241
7717
1611
8871
1409
6651
9760
7872
9277
6517
1309
1875
4324
2547
8843
3641
5238
6335
6897
3080
6502
5825
3209
8259
6971
5096
7357
5347
9394
10178
4900
8063
3082
208
2683
2589
790
4293
2767
1795
4339
7571
8919
6854
3829
7110
2227
9742
464
9003
9638
2087
6856
8046
6452
5467
7682
7059
8208
2029
8908
8823
9548
9657
2200
1319
523
4419
10566
3090
6244
452
10390
4491
8400
10
6243
2264
9468
4599
1526
9874
10228
7316
5801
9905
2009
8302
6061
1928
1285
3922
3044
965
3620
401
9998
1302
5934
8297
3913
4653
4181
183
81
8821
7165
7762
5906
4652
3910
4881
4604
3083
5096
7032
4648
7342
6853
919
4983
6090
2882
6088
3378
2464
5381
4581
5174
3553
5881
5384
3126
9439
9977
6443
6135
242
8302
9161
6789
660
7947
379
7588
416
5934
3456
1957
2247
7040
10499
8511
10013
8109
7200
7648
5226
2471
1344
8289
5143
6948
7209
538
6560
9211
441
1392
6699
2087
3363
10581
6431
7754
7071
8375
755
8931
5679
10535
10296
2939
3422
1050
4337
6659
45
1242
8554
1453
8764
7813
6700
1596
8069
9940
3401
6685
3691
6956
8500
738
4262
4361
9692
3727
10053
6941
4793
2542
5077
7643
3103
6088
7464
8133
6589
10296
10518
3677
1127
9221
2478
4206
8887
2045
1629
2974
43
4459
3079
4686
6675
8621
5096
4485
6668
6325
9735
1858
329
5203
8367
5846
275
5729
9585
7612
10309
4426
10253
8980
10311
980
1331
1565
8556
6238
6845
8588
6573
5116
5239
7280
3479
9916
9919
9389
728
9852
8334
303
2310
4359
4644
9682
10273
4320
5511
9732
823
1303
5539
9057
10364
421
1186
3633
4908
5725
1605
7139
8001
1192
1519
6831
7048
10367
10509
4231
9135
5775
6021
616
10507
8745
8510
6952
6956
9712
10368
10296
5347
9283
3513
44
4864
7372
1064
2769
6915
2362
6506
7267
5995
5344
1895
2226
3064
1666
5216
8127
9317
2538
5551
7713
5103
2601
569
1193
1345
7094
6893
504
4149
2777
7090
4985
3941
2084
2530
4957
7711
3198
4649
7856
10434
3044
7029
221
2530
2963
3175
6379
2336
9314
2695
2856
9130
6250
4032
7145
4684
7365
201
4618
6466
3676
4205
9212
10069
174
2051
634
5193
884
2082
759
7496
5457
1122
4383
7391
4514
5558
4044
3761
6660
4173
9723
4320
4436
7953
5791
9775
1185
4735
3338
3289
4371
9929
1092
9738
3805
4426
1258
8515
2183
889
2085
1264
9080
3877
1591
2339
10109
6986
6606
951
7805
2406
5447
6600
7761
1092
4084
3564
5646
4639
6379
7437
4815
5175
9460
4253
1992
6109
7493
1856
7228
4099
7092
1942
1122
4383
9375
5842
6755
3137
8753
2675
5251
8245
9904
1529
9264
1117
7796
6683
6752
7090
10079
3605
2899
8391
4851
10347
7306
672
5769
5935
8757
6953
3630
3661
9816
6981
9956
4825
4087
4019
1495
2655
3910
7289
988
9109
3656
10541
8299
3898
1232
413
5935
2519
9381
8630
6991
174
5768
2561
9434
8181
8788
5813
5501
8290
6740
5603
9066
4842
7640
2202
9253
174
9060
10379
8693
4644
2354
9838
7771
9466
4770
9742
10314
9710
8257
10200
10582
7051
1832
5508
3198
2549
317
4976
3198
3046
3494
332
3229
2987
4291
6076
441
4795
5552
9978
6717
9433
7600
728
1444
5737
6253
1822
10176
2317
10437
3652
9585
9656
8921
10296
5347
3085
99
9816
6981
4074
5822
8285
5041
3387
9522
9110
191
6903
5129
2980
6531
1810
5603
4619
3389
9053
4484
7413
2990
784
8939
3211
7690
8270
9770
7727
8265
5702
2466
4077
3568
9295
1737
169
3462
153
3025
4992
4513
3400
1566
10326
5778
5603
2897
3688
3575
6315
5174
4202
7851
10487
8967
1186
2289
1116
4744
6316
6813
3396
8617
5352
8636
10302
9496
10500
8153
4210
2740
5206
9967
4983
5925
1537
4124
2229
6799
5316
4297
2148
3786
2297
1186
5628
3286
754
5934
7906
2553
6672
8857
7005
329
5203
5996
8634
10389
2469
8508
4874
8180
2837
787
6162
8417
2416
9435
384
10553
9088
8302
2137
6575
9785
8737
4628
6428
10541
10409
950
9468
1546
5946
708
6250
6396
10608
7422
441
2527
4730
4100
4825
3896
4510
3280
4644
9569
1802
82
10577
3279
10390
6718
7376
4852
2636
5812
4644
2102
5639
9502
8243
3320
4793
6955
389
6595
2367
6431
8363
8136
8588
10244
9287
8861
3386
7077
6096
6951
1711
10103
2329
7028
529
3720
6504
6747
10315
9468
5574
6440
621
1176
3828
6829
8739
10203
3513
2320
5999
1751
1585
960
6713
10471
4077
893
10588
9634
10477
1172
6597
6136
2442
3044
7078
1143
4009
308
749
8265
5388
6702
487
728
9038
1575
5909
299
8546
1682
3599
1212
4914
4924
3800
6378
2689
8774
3554
7529
7485
5397
2319
902
9609
3757
3314
6540
6185
3989
4983
1681
3031
3725
3881
7316
5801
4123
10502
10143
8318
6968
3490
4671
5344
10459
5507
6611
8425
5
4426
164
1356
2835
4251
7048
2748
9420
7976
4625
5661
4282
7250
9469
453
7139
10465
9647
9435
3806
5909
6097
2340
5553
9539
7090
9880
1433
3613
8712
6228
7886
3713
7650
7718
3162
8490
6944
9333
9160
441
4515
199
2281
3225
8628
9422
7783
9393
5316
10262
1033
3969
7256
6802
7414
10059
174
7270
3853
514
6837
8861
6668
1981
6539
7683
5091
9837
9702
1539
6597
1291
2744
8562
2164
6242
1409
2639
1722
12
3821
569
5296
8113
4644
747
3868
4005
3162
485
1459
5963
1839
825
3800
7066
9199
3381
3290
5316
8555
1794
6190
2994
3337
4889
9501
4894
6103
1152
3172
2603
8006
4136
7662
10382
1588
3850
1665
9794
1167
9532
9941
5316
8922
5707
1480
6475
10296
5347
5516
592
5885
2414
9660
7651
4257
287
5745
10539
787
6162
9525
9338
4536
2087
5719
9340
5174
1182
3135
9585
4051
7341
1717
1556
6915
770
6247
9459
3257
9486
4559
6137
6700
4590
10455
985
10516
4378
5909
9858
2287
5843
4921
1494
8712
8539
8204
9387
7257
2087
4765
9386
8569
6073
2932
10298
742
7209
10462
1233
7827
5909
627
6759
3464
8620
8391
4655
2413
8554
3866
449
2195
6765
521
2273
5374
9354
5799
8714
7735
6054
4583
943
599
1905
815
5273
2087
482
7192
5430
1507
8603
2281
4623
4534
9122
6131
8659
4750
3346
1146
3072
846
3935
3190
7922
5709
2495
5487
6255
3995
9771
2574
1306
1330
9928
1317
7105
1319
523
2645
3181
809
633
9816
6981
3871
1590
1000
5775
10101
5024
5436
637
900
2406
8669
927
6092
8327
9942
3522
8471
2205
728
6474
4564
1700
7662
3968
4982
687
3514
4954
3828
1387
3049
238
2298
3091
7090
6911
3179
2076
6494
5775
3033
2724
4560
810
8510
3032
9742
5546
2282
9889
5327
8265
9818
8086
5030
5878
3788
9425
9493
5333
10610
5036
10038
8760
9008
8942
4327
3387
6254
8208
8589
2232
9520
10038
3762
7184
8683
1691
5588
1178
6863
10394
1030
10165
7729
3080
9983
4819
9476
7367
4513
267
5189
9853
653
9554
441
8303
8311
4832
3014
1164
5909
5323
9524
5798
3214
3978
393
7488
4006
4644
1612
6207
7058
5106
3272
4343
329
5203
4867
4185
8694
1568
10094
1927
5057
8456
4357
655
5425
3051
819
7139
7080
766
7525
1907
157
414
7715
188
7386
5337
9743
5485
1903
4790
6582
3800
6070
5810
9096
1027
6682
8737
7456
6498
5316
7706
3636
8679
4915
7048
6945
2014
2087
5719
9845
174
3166
7543
5226
1128
7586
3299
6669
4426
849
9056
3277
3346
5452
3426
2771
9487
7712
9136
6691
6755
9848
1762
8712
2989
2214
8839
7477
2087
3642
7694
52
1185
5880
9897
4910
7571
2279
2711
1042
4426
6557
7142
1885
3528
2389
1721
4457
714
463
2408
4663
10501
2399
3722
2957
5235
1087
3696
8832
1185
7785
5756
872
7840
6320
310
9346
7759
3710
5297
4077
4283
5874
5258
2548
5124
5487
5291
3982
5081
6810
9385
886
8057
5419
5837
8730
7316
5801
2382
9703
8123
2607
10045
5316
1420
10466
5440
3224
2361
1856
1100
1496
5934
9579
3073
441
956
7270
7138
1144
10188
1737
6446
8304
5517
2649
966
5814
7474
3495
2530
9290
6896
10094
3055
4392
3666
1859
5134
8153
9075
7193
3029
5775
9042
1513
7691
9862
5276
3044
7312
4694
5493
8887
6505
1432
524
5705
2541
9663
5212
60
7922
5611
10163
9855
5836
5786
10390
391
3432
811
2753
6304
3346
8351
6311
7256
5318
7303
390
2355
10087
8861
4198
4358
2406
2796
763
3830
8015
7058
2719
9255
9313
1092
911
3024
5811
10121
7806
10235
2712
6735
10057
4995
7316
5801
5284
5217
884
5653
7248
10467
4983
6999
6034
6168
6379
4295
7055
6725
9439
10342
4013
8654
10320
8990
7880
9473
3044
1566
8480
9680
5467
7505
2662
1059
1531
7502
3444
3979
3082
6340
5580
1964
3593
248
4569
2556
8807
8863
1749
5631
7129
7343
2389
5708
6160
9663
2178
2787
9143
1369
6698
3323
4314
767
8924
9439
8093
5039
2799
8359
7207
7518
3481
1142
699
43
2165
1545
9693
2501
9076
4221
9864
1527
5935
5303
9763
6349
1382
5934
3456
3016
288
8782
6057
4644
7183
9492
9592
9802
8948
2431
4552
3552
9592
1853
3807
4511
47
2458
8702
8917
5239
1660
3119
10499
1996
10286
5022
8887
3088
4817
450
6620
3752
728
8105
7743
5088
1458
9435
3951
10028
6969
414
5249
2071
6472
5808
8820
248
2292
9716
3332
6150
4272
6755
173
7026
2058
1719
9107
7139
8520
507
4710
5218
7687
5316
2789
5102
7428
910
7236
1512
6947
2760
8745
5225
1606
4618
9664
1767
4425
8090
8569
5974
509
6298
1126
4865
1384
3452
6983
753
6293
7549
174
5980
7325
9894
481
10203
3513
3839
5801
4123
4759
1914
10413
9645
5742
2808
7825
7048
18
6378
281
8129
8181
1089
9273
7740
6088
9884
8550
2467
2829
7995
5847
8382
3817
1322
6046
7518
9881
3789
1279
5145
8045
4633
8588
3431
9246
10030
5344
9254
6753
7316
5801
8768
1219
3810
6958
7897
174
7017
3193
971
10515
9312
1711
8221
7899
9592
4766
1744
543
9468
9367
10597
5916
2199
6250
5460
9649
3761
9709
4873
6973
7023
7236
4746
8194
4444
3058
8861
6668
5361
964
6711
5316
4452
10108
6550
9251
7475
3828
1159
6077
8544
1430
1122
4383
6939
7654
7922
566
3617
4829
10296
5347
7223
8067
668
7074
3149
6131
2499
1903
4284
8153
2134
1725
7038
9660
6104
2815
4825
10460
8027
2240
1319
523
9990
10371
4945
8606
2527
5509
8037
94
3978
8637
5781
739
10119
3045
4169
2459
2810
9439
7441
5439
3082
8390
1294
3800
1460
5127
9048
5909
6310
7527
2705
2406
6705
5375
5061
851
6172
8663
7399
7916
2360
4086
2364
10038
1713
9126
8452
4148
2262
1363
896
1369
1250
6072
605
4592
1281
9377
7529
3973
6056
3711
2652
3096
9264
3580
7938
7592
680
3756
7529
2581
778
8833
3420
6544
9439
9781
6522
5316
330
4391
5681
2285
2117
3486
1131
5936
1861
4793
6777
8524
5409
7090
1008
1118
8226
4242
6258
9585
2172
2688
1053
1319
523
9296
4530
5487
9935
6055
7755
2406
1240
6876
8992
8525
174
802
2656
2908
6758
5157
6755
2813
6110
3097
8887
2045
2938
5015
655
5665
8065
3044
5831
3374
5662
4893
3044
1157
9857
728
2314
5706
7760
5216
10023
1638
2828
3066
7895
9300
1276
6386
6113
81
1010
1592
785
3567
6250
9055
6272
2957
1706
1625
4695
7410
6144
1092
6754
4033
8101
3337
5616
1473
7018
884
4438
9878
2694
2406
4437
4294
5174
5930
1845
2195
1547
4323
4455
4174
880
5908
6844
8663
9163
4431
8140
4066
6433
4426
316
4549
3074
1234
3591
4644
5547
7921
7609
2599
8130
2912
1738
5722
340
5226
6492
3715
14
2246
7571
3111
4012
441
7902
4541
160
6956
7453
6967
9248
3044
2946
8332
7309
9025
5347
1901
3361
8997
10541
2421
10171
2424
1679
728
2540
7720
8650
1097
10220
5333
2435
7934
1323
6914
10390
5809
1481
5096
6222
1424
9247
5509
9225
6406
1938
10200
4584
4526
8302
1835
2432
1966
9459
2809
2880
9170
1926
9076
1153
4864
6899
8690
8586
3974
2649
5829
10179
660
1664
5450
2630
9799
8102
2470
10136
1123
5016
1780
8797
1856
5272
8591
5783
1971
3708
7529
6209
9049
6175
6010
980
7803
7467
9816
6981
6841
4063
506
7834
1856
948
1194
7203
2479
1689
558
3253
9846
3293
1678
7951
10323
7236
3240
8890
5304
2126
7139
10410
5884
1856
5272
10002
9428
4512
582
4057
10226
474
1088
3044
4341
3598
5054
9585
2172
2255
4642
7672
7309
1973
5581
824
5088
1282
2106
2852
9439
6012
2237
2555
1946
1309
249
10327
4140
4502
9924
5796
8194
5817
4916
6463
7983
108
5368
10184
3934
7529
7998
7119
1975
222
5316
1337
6562
8330
43
5455
9416
7246
10453
8854
8478
2449
2604
8302
2155
3546
3800
6070
7190
6671
1369
3458
5979
3694
8672
37
3346
2072
4241
2971
6497
8841
9439
4557
2004
8173
5890
10372
3346
1146
9560
3387
4905
10508
1531
10178
5578
7402
7518
1987
8608
6453
4455
5250
2532
1872
1533
1295
2404
1372
5204
6985
2939
8050
9354
1283
4951
10127
2317
8952
9455
2090
10586
7835
10541
1474
9477
6921
6384
787
6162
1896
6998
8022
8861
6291
2853
7689
4335
4440
694
6088
9414
9602
6431
8363
765
5316
7714
3745
2291
9285
3610
4660
7836
5443
1319
523
8987
7850
6392
5139
9005
4654
2283
9531
1553
3998
7529
10548
466
3736
5091
9006
9803
8271
9033
9181
8854
6118
8174
441
8517
7741
17
2389
2525
748
1369
1328
5950
8536
8810
9519
7158
2235
6200
10203
3513
2571
3678
8792
2878
10124
80
4520
6102
596
6504
2615
4301
6408
3398
5571
4660
7545
925
9228
8646
8155
3044
7878
8675
7995
5847
10457
5935
4664
3306
3915
4065
9824
331
1186
6143
7539
9430
4618
4971
8755
7139
7816
7844
8629
3761
8727
6769
3770
9976
8108
2618
366
5000
1939
7215
158
6263
7361
9081
2461
1092
1694
1741
5316
2950
1401
614
6607
10296
2939
6432
2812
3800
4021
3215
9280
4568
5607
9439
5762
10299
4600
5935
7322
5567
8135
5333
4508
8278
5588
1178
7339
6391
10517
6574
4335
5666
2304
5334
5648
5487
3533
5370
1471
7852
3377
558
2445
10111
9073
3315
10425
1576
9561
3080
6638
1635
2233
4778
8938
441
10380
6822
4448
7058
3407
3368
6040
1360
1094
8588
1209
479
3250
6079
10422
5038
10094
6746
5203
6635
3281
3044
6145
8625
9223
8056
5484
9742
5593
5237
8724
6299
5588
1178
5805
1530
1306
2147
9635
5316
9653
705
5689
8355
4430
9428
4764
1205
7177
6827
2087
5307
3549
8442
123
5487
6120
4203
5613
9322
1255
10390
7009
5993
8862
7380
4506
8270
7147
6151
5637
9877
4820
5096
1415
3326
1682
5180
843
202
6221
6274
5174
7657
2120
9954
10194
8407
3624
5714
5104
3908
10186
1230
3130
7486
9274
5505
6690
3555
7670
8731
2957
6266
1448
10340
5056
6736
8712
126
3125
7708
4848
2999
5433
7518
9325
8058
9446
5329
1482
5965
5509
1991
3914
1880
984
9468
7570
7249
3521
9024
5316
2138
3093
6495
5487
3993
3056
8534
4718
6915
4656
4711
6913
8569
6773
7797
3763
4289
8854
9557
5051
9057
7610
69
9734
6285
9752
3192
6286
7206
9556
6806
174
5768
292
8197
9281
8977
8978
8840
5333
9809
7815
5487
5183
5801
3089
3006
1
4211
4513
3400
55
6162
6915
1511
6389
3849
8972
6239
1685
5958
1251
2579
5468
8270
654
8842
2814
7521
2418
662
4582
1092
8815
6460
9665
7417
9349
5226
7711
8638
7833
2087
4055
9304
9005
5747
7768
889
2085
9382
4069
6919
4384
4213
3702
7957
3782
3184
9975
8655
8414
8896
8265
8295
6855
5480
1848
8328
8302
7329
8055
9240
2931
2562
5467
2922
3648
10207
6342
5153
2317
8717
4769
4793
7944
193
104
5096
111
5228
2533
10499
6534
7652
3287
3687
1809
2281
83
10424
174
4522
9216
8244
7042
5592
191
3098
6527
8128
473
80
7506
369
2406
8928
6276
7438
2096
174
863
6864
4888
10522
8569
302
9010
7810
4983
9593
8778
1729
1647
3978
396
6576
7518
10396
1857
4406
6088
8486
4385
2418
7877
4659
1498
5150
191
10451
9141
5787
9192
259
7972
943
2356
323
5316
5046
2520
7922
7494
7445
3194
8429
6071
5603
9563
8349
5155
543
7372
2910
5316
465
10435
8799
7887
5909
9092
8370
1954
9439
6383
8319
3742
4825
8632
9329
1235
5759
10230
5316
5330
3376
8861
5676
7620
865
5345
5487
10561
4480
646
7421
607
1712
2851
8913
526
728
8266
1463
1236
7529
10248
7688
801
2827
689
7094
2749
2839
8712
1558
6762
8969
632
4825
10051
5331
4423
8210
9623
7236
8851
4901
174
4470
7736
1253
8636
315
7120
2154
944
1531
2840
8607
2402
820
1309
3758
356
6915
5444
6080
5107
1707
9468
10350
2631
7529
10407
7382
6388
6583
9439
642
4411
9617
10161
10365
8721
5909
3497
10496
5487
2494
7700
4094
4802
174
7693
5690
9847
2311
5158
7995
950
5205
3094
3188
9674
441
9451
9868
855
9898
6956
1262
9512
4644
2140
10429
5386
2743
644
903
441
2344
817
2036
8206
6887
5001
7058
859
2230
4115
1319
523
5732
7985
9070
2150
6103
7340
320
1821
7999
3508
5909
3504
10016
6111
3292
1369
829
6337
3028
4426
6240
3247
3218
8838
419
2087
5035
2535
7548
8206
9555
1137
9833
4707
7004
7713
2195
9607
266
1716
230
8156
2530
6409
3948
248
378
1203
9439
8941
7809
9219
7905
3509
4320
5961
10387
7316
5801
5826
8293
8802
9073
8025
1492
3074
1279
8865
4175
8615
7470
9335
4004
10200
4584
3347
6210
4320
6923
6709
6553
6656
2262
8106
1273
9468
4675
8560
3544
5909
10513
8322
6159
3379
1092
6381
3672
8976
9616
6379
6306
8003
517
6794
4701
5267
2925
7195
2706
4717
10214
3454
256
9067
913
8636
3038
3154
9511
1319
523
8203
548
3746
7769
2543
81
7967
7949
1369
912
5281
7201
9976
7016
2642
10541
203
337
5316
3587
9946
3685
4825
3854
1656
931
4691
7146
6186
10401
5287
2455
1781
9339
3044
7313
1429
9521
2750
2710
10038
9606
729
10533
9691
7209
2972
4379
7348
3737
884
7544
9685
5420
4883
5174
4101
2867
1185
5880
6202
5926
3478
7529
5244
5755
4622
5982
9587
6431
6652
1179
1889
7892
9114
1902
7552
5603
10266
7855
558
4227
9328
3158
9668
2949
3044
2522
3653
7309
10329
5131
3949
9176
5748
8277
9031
10170
2317
8952
7572
728
7744
3834
1497
9439
8941
1445
3359
4151
3331
5186
9585
2443
523
3609
3529
7048
7842
6877
4176
6915
9558
7156
3165
6088
6387
9083
1391
1354
2957
2462
8194
7830
1837
5935
5951
8604
1749
715
8116
10318
7920
10413
9965
7202
4380
3385
5626
1122
4383
4340
4571
3044
861
8272
6462
7529
5244
6344
3915
7425
7480
3488
4800
8338
10499
4636
6577
8578
8092
6543
9439
8146
3043
3334
4157
341
3782
764
4365
6020
10169
9660
5766
4736
9718
9229
4787
4151
2151
9570
5678
2912
8118
9075
6532
655
10480
8894
328
4650
3761
8312
6512
8342
5316
3709
2722
5163
6832
9503
1479
6060
4572
1597
1630
10077
9585
8945
737
844
799
3679
5661
9613
2766
6415
5909
5323
8162
7000
998
9210
5226
7742
1573
4077
5656
6839
3518
329
5203
7268
6157
7858
3917
8878
8206
4613
2
929
1092
9851
881
4521
3356
6686
4320
9991
1124
4821
6662
4624
8036
1888
2554
6295
4383
9675
9301
6883
1402
6379
8561
7014
7884
248
5655
6444
5316
1061
6134
2087
3363
4841
7635
3362
4463
1369
885
10547
6360
711
5523
3082
208
6738
6715
7094
8975
68
671
6700
10526
1003
5481
6103
4698
8551
6996
5968
10490
7963
2317
2161
1112
7859
174
5716
2565
1701
10416
6320
6558
2097
9752
786
5012
7027
2985
5216
6418
1268
9073
1886
4208
9580
1400
1531
7275
10254
2394
3012
4271
5088
6564
1312
5068
477
4479
4565
2870
7695
5860
3335
1178
40
1783
4399
4224
4345
191
7334
6602
5367
3162
4678
9200
1006
9954
5643
6636
5007
6526
305
2406
7862
1191
732
1682
9608
873
3375
5882
9099
4618
1882
2196
2990
6873
5858
3493
2583
3987
9439
7276
5229
3906
8566
2470
8433
8983
9073
9242
8581
6359
4513
7191
777
8588
10414
10333
2468
5462
3774
753
103
6534
6917
9380
9663
5212
6223
943
2776
4984
6884
7309
3732
6603
2847
10331
5239
3640
2400
10282
2943
329
5203
7808
9343
5779
8115
6700
1933
6279
5351
10584
8663
550
4053
2547
6639
4408
4320
9169
10481
5226
5606
3818
6843
4755
5299
3124
329
5203
6456
7066
2907
7095
7629
10119
733
5953
5801
4601
9821
283
5326
8887
1410
10099
8202
8940
1932
3080
9128
7814
5316
4031
3847
5941
5640
7298
5453
3625
1103
9047
7523
248
4791
9619
2845
8473
5935
6592
6367
5382
8462
558
9839
2640
7020
9039
4959
660
9194
8492
6654
1409
8405
7566
5339
7971
4993
2629
5316
1202
4607
2295
7309
75
4287
3337
2000
7751
6455
4015
8708
9428
9697
1465
2591
8265
10415
10493
4027
3050
9419
6454
1828
3748
6662
7062
2123
2803
4367
987
3050
9922
4727
9816
6613
1366
1096
7483
734
7090
2509
314
6800
1073
6088
7950
10404
4482
2545
10270
9412
2317
4725
5525
9513
1856
8213
6865
720
7472
6906
3828
4597
2368
590
6954
4644
3627
3589
2990
2576
2940
6628
8569
161
4575
2020
8061
2213
8712
4930
3892
5608
7037
3978
7697
1920
7510
9076
6608
7676
10464
3901
10235
1505
1627
2816
5451
9585
9656
9662
9155
5839
5316
1423
7961
8331
668
2725
6918
762
4199
1416
8732
1280
8149
6743
8265
7536
9308
1685
10523
6162
5671
9961
3305
3841
1531
7275
5025
4088
6039
5316
1607
3424
4983
1681
1196
3782
771
10444
1940
1319
523
9185
3069
3044
5350
2973
10274
134
4983
976
10112
6471
1122
4383
9375
8229
10541
9701
6429
5857
5091
10264
2596
6379
4338
215
3626
10601
3346
4304
9402
516
6416
9468
5055
8300
9276
53
6974
294
7529
8374
1226
8291
3964
8864
2675
5624
6307
3978
5437
8066
2962
2697
441
1510
9011
5245
9112
6803
7139
10579
5610
5216
862
180
5910
4228
7094
7680
2043
3815
3110
5142
9076
3698
7535
3475
1673
486
4553
5551
9311
10033
4626
4468
8887
1948
1007
9526
2457
5368
128
1287
8636
2544
8340
10520
10094
5320
8437
5589
6919
5967
3247
9807
3800
10089
5355
109
7786
274
5934
5112
10046
5316
1955
8110
6250
4145
3579
4361
5019
7274
8463
519
4082
10296
5347
6346
9576
511
9347
2660
9585
7612
9331
343
3283
10440
6103
8021
5994
3800
2022
4150
9828
7094
8537
85
4162
6721
6316
6650
2176
6919
3957
8402
5909
9713
6852
6368
10081
7238
3044
6284
9435
10014
131
3288
889
2085
5383
8600
3180
8636
4229
1887
5316
6801
8098
4045
2675
4830
7882
1542
9073
3869
6805
1046
2487
7316
5801
6658
3271
2510
1186
1514
8215
5919
5368
1359
7908
1319
523
4538
4309
10065
1984
7272
943
4328
10177
7636
3817
1988
5154
501
585
1749
6482
6480
5934
9579
958
8200
4020
1434
7529
2498
5347
4281
28
3926
10067
5239
5066
9588
9730
10512
7895
7626
1752
8294
789
213
655
9319
2280
3622
7507
2372
5909
7639
7053
7163
1004
447
6267
7518
4298
10363
1523
2428
8410
8554
6373
9600
5316
9065
9134
7030
10506
9729
7139
8028
4532
10296
10518
2670
10599
3015
9440
2156
5333
8565
6281
9562
2385
3782
293
3741
6993
3160
7122
7256
9022
10328
9148
7518
5478
3965
8323
2195
1899
7419
6538
7292
1185
999
8682
4630
1524
980
312
6756
7932
3978
3071
10090
8246
9652
6530
6376
5661
8324
8762
7465
10296
10518
5449
4528
5428
7298
9401
228
496
6250
2873
6734
10413
4150
5627
2054
6957
5909
9546
8594
4989
8336
2353
10413
2679
8457
9415
9660
5535
1310
3080
7285
3689
3915
9171
2112
3793
8854
7977
4562
5226
4062
7356
9816
6981
8096
558
5549
10162
2420
2621
10413
7537
7460
563
3044
8182
6935
3080
1048
8230
6825
5582
5498
174
2702
9499
8209
5758
9468
1546
10056
10555
5943
9071
9592
8177
2850
8596
8195
4663
10501
6058
10203
3513
7166
3282
1113
7455
3019
2087
8736
8853
9705
1369
4254
2935
5935
8711
232
7136
2475
3337
7508
5867
300
8206
2995
9725
3800
2313
8985
874
3782
6305
7265
9028
2597
7256
5541
10168
4897
6105
9454
4335
9687
5625
6823
6316
6016
5923
891
3822
441
8932
892
2245
8613
7090
10060
3583
7316
5801
5853
1796
814
5319
1715
5091
7955
8223
5685
7731
1900
5545
2912
6618
5217
3002
6349
2990
1651
3446
2228
4853
7922
5399
5587
3873
4096
3357
10203
3513
10066
7608
8252
9585
6634
8494
9794
2673
4411
7571
8846
6518
5840
4037
7188
441
48
8641
5162
4717
1929
7299
4723
3757
9108
760
10192
1018
1309
7845
6338
6318
7922
9988
24
7776
5417
9585
4153
163
7544
229
9831
9005
3680
8709
6811
376
1188
7048
8635
10003
1370
1682
4078
7448
9467
6568
2584
4660
1708
5864
1466
6082
9468
5574
8026
6585
569
1965
3009
6390
1098
9076
7556
2504
8391
313
2511
10602
2317
8418
2035
889
2085
9453
7770
7518
6982
8597
8247
8160
10544
8491
7673
688
5832
7266
10499
6487
945
5630
4441
792
10578
6320
9292
1793
2388
8385
728
4058
257
309
8068
7503
8663
1301
4978
8887
6505
397
957
5152
7058
3963
423
10122
1343
4983
5506
7986
10544
9869
2598
4614
3585
5929
5316
9611
3182
5401
498
5934
410
2590
10031
6125
9076
2704
365
7909
2592
10296
5347
1107
2967
981
2996
2012
80
3482
7130
4738
1102
8420
1122
4383
9202
9435
3951
8676
9125
10397
1122
4383
3578
9084
5664
1667
4426
2631
4152
1599
4793
4247
375
2203
4777
4335
4781
5219
1646
6533
5588
1178
2098
6469
395
5216
5527
1221
6467
8657
7058
1449
1256
5190
9435
3500
9810
7662
10446
9464
10297
10083
97
2406
8886
1690
4660
182
3848
5807
1319
523
6280
4062
7356
4190
3250
1487
4876
4761
5232
8686
3828
3988
8172
8356
7186
6536
4077
8283
1580
5316
10080
9044
7377
7149
2389
1577
4651
7104
8100
5316
4447
1860
10235
3693
663
2284
3782
4164
9483
8554
1145
6017
6513
8358
5570
2317
6201
6820
2855
1306
4668
5266
4720
942
3766
10499
2746
1807
6755
7659
542
4130
8377
1385
9752
8809
6430
9265
112
1306
5454
9549
3972
6250
4032
7498
7912
3199
414
7646
4696
5405
10381
6320
8909
6204
10029
2371
9176
7216
7173
2626
1208
6324
3516
3910
63
10406
243
7421
442
1341
6287
3910
5518
1619
9566
7081
7716
5736
9361
1751
2088
5907
8030
1047
4983
3503
1528
10241
8181
6814
572
7888
5487
5358
10180
466
2352
4793
6213
270
10369
3876
8408
7316
5801
5673
2206
980
8870
1771
6000
2197
6182
9076
6139
9959
649
9459
5902
8023
9676
3910
1379
5414
7344
2406
848
1921
6393
5174
3907
8189
2378
2491
8373
2317
8516
7601
3755
4293
597
1286
8567
1479
2580
2506
8640
1634
7244
2418
9448
7210
5487
756
839
5226
190
4764
10009
4857
9866
3817
9626
7403
7230
3561
4077
6114
8763
7093
3757
9231
536
1175
7571
3657
5794
3645
400
10452
2317
3421
1639
7041
7178
9683
174
7406
3258
6229
9574
6633
8887
652
2586
4165
1092
2696
6559
534
8761
9410
1349
4244
3162
8398
148
6154
5316
8749
78
6316
9918
4449
7846
2317
7627
2057
6219
6343
1737
7726
4542
5489
4167
8737
3785
3607
10147
3902
3369
3387
9882
7133
6438
5316
8713
10144
7873
9043
10345
6250
6762
3673
2513
1803
9890
6088
9624
6423
2558
3387
7451
5190
9435
8265
5550
6748
8986
9459
3383
4458
1737
1342
9727
2727
8076
2569
5316
10234
6188
9005
7739
8137
5316
6424
7819
8438
6674
8761
8634
7002
1608
2554
5431
6065
3447
6977
10595
7316
5801
61
1877
3684
5909
6545
1897
3460
3734
7518
7896
3177
10514
6088
973
1105
3980
8265
3063
554
3769
10392
8138
9752
552
7587
3860
5872
4077
10172
8194
5482
8542
5321
8163
9439
2044
1787
5412
3862
4892
5588
1178
10386
1241
7179
9895
174
6622
8751
10604
3065
8222
9718
5610
8512
4138
9582
8531
660
3005
10598
5886
5860
769
5987
7227
4407
5344
8072
7258
8042
3870
9431
655
1916
7492
2929
2805
7613
3162
4255
3820
4767
8705
3887
5096
5356
8796
5927
248
2515
3390
10203
3513
9068
8242
569
2862
8393
9923
394
1044
5603
2762
6924
5641
5909
4311
5203
6875
6957
2406
3000
5234
722
1967
2763
5316
9551
10114
6006
8476
3601
5935
140
2132
1277
4734
3080
2944
7848
1185
8379
4610
8307
9288
3800
2313
2637
4029
2347
5316
5723
3739
1678
318
6742
6598
1306
8168
894
3364
8302
8831
3621
876
9368
8265
8227
7849
5915
2877
4292
1369
3510
3816
2647
8317
1684
4426
5544
2854
1092
5731
3531
4726
4023
10203
3513
8571
4835
8107
8530
8397
7256
9142
466
1994
8923
4313
5488
1279
2341
2879
9073
3315
1079
6915
87
5818
8399
43
5184
9950
3663
3925
7518
4489
3606
6162
1369
8371
4586
10544
10265
3417
1963
5023
7978
8206
9100
5801
1120
1952
6176
5338
4825
1587
3048
1425
860
5487
8503
1756
8711
9144
4961
7518
8000
9061
6716
3430
6131
4056
9106
5469
7712
1572
7823
9979
7316
5801
7685
1133
1409
2786
3961
6965
9568
7449
2649
8627
5801
10538
695
6556
982
7798
9261
3082
8488
6013
1369
6609
439
3461
716
6088
1782
6885
6692
847
4825
5657
2384
5796
8194
3491
10275
7606
10202
6088
2716
4287
5534
8034
174
9103
3706
5972
3586
10200
8392
3571
5934
7484
9536
9151
6915
2715
3102
8816
9468
8963
5633
6131
5879
5801
9238
3800
1095
7540
4912
537
3205
6320
5712
10458
5691
6687
3831
5333
2204
6138
6216
6250
562
5147
4816
10541
7515
6264
3915
4706
5710
5575
3767
4351
7674
10075
3198
1274
9601
5316
3605
9012
1314
7193
2909
5368
6644
6720
2119
1797
661
10203
3513
8458
7550
943
2665
7054
9688
5089
673
10203
3513
4657
6995
7278
4796
7518
5900
7699
10008
4110
1702
1279
3890
10107
4426
3140
5680
2315
3133
8181
2290
7894
2113
9976
278
7904
5091
2755
4856
8292
2085
2027
3800
622
2729
10203
3513
9860
7677
10302
9586
864
6379
4555
928
5045
648
9439
8738
2666
1772
1279
1492
8563
1413
5503
441
545
3976
6929
6397
6103
10072
1325
2937
9766
10097
6394
2624
6901
6048
5348
3405
3207
1711
3251
7134
9195
6358
2675
2358
9007
6316
7411
342
10109
10267
9284
7524
3337
10423
1657
430
7316
5801
4616
781
1122
4383
8485
5115
3615
3978
5369
3341
81
2018
1315
2857
5600
2406
8073
4076
441
2493
4814
7660
5092
6186
6511
10113
2496
2675
1578
5585
5159
8132
7996
6103
9684
4350
645
5560
9742
1248
7615
497
8493
8854
2964
926
8654
3889
9825
4366
3044
2046
10004
8258
3921
7075
5909
8166
137
9768
2427
6158
5968
2635
1811
2286
9439
5260
10375
2208
4679
9585
2443
523
4349
6131
4363
6481
10040
5316
7881
6312
8781
492
2104
7518
2110
1616
2896
3669
441
5014
265
1023
100
329
5203
513
6927
6596
4986
9168
3910
7589
7044
4207
9203
43
2578
5048
1960
8861
1156
1773
9087
3486
6165
2997
2128
1997
6580
2990
5682
5005
2577
8007
3080
324
8618
10102
728
2063
3635
9398
377
7217
1683
4089
6427
5509
4451
1129
9800
2859
3044
4737
7915
3256
8241
1705
4660
741
1183
8955
9906
1644
4826
7135
2560
3835
3387
7154
4090
6956
6963
6663
9119
1228
1621
5316
793
1368
2049
8588
5477
4635
4477
8532
8267
9468
8699
2981
3152
10388
6179
5292
9435
6696
4716
1516
6113
1403
7058
2982
7958
4694
6248
728
3428
33
8866
154
10541
9737
2754
5688
2619
728
1893
4481
8279
9646
2317
3819
5396
6250
1383
7579
4715
9282
10164
3198
1184
3563
5091
4854
9921
4513
6796
8547
5973
4644
5522
1374
10570
2404
9299
5265
9590
10499
424
866
753
6293
5148
8048
5176
8848
3198
6370
8178
9428
3048
3202
1017
1005
3473
9471
10343
80
4098
7501
8033
4593
6755
5824
8879
2048
10109
8054
5393
9257
4268
8887
1410
3812
1438
7236
9614
1561
8447
10468
3828
3470
10556
5346
7889
5935
2928
4517
1884
4612
4077
10172
8194
2955
992
4710
7090
6128
2886
2338
8265
5554
4704
1186
1361
3838
2077
7594
8141
1737
8767
8263
1594
6542
6051
9354
2958
5533
7603
7024
4331
7518
8906
2192
2436
414
36
8077
5777
9870
5347
668
3780
508
3650
4285
9747
7571
9943
9413
7281
144
8860
3761
8937
868
6329
3027
6431
9731
3330
8588
5240
6995
9397
3582
5316
993
721
1643
1968
2001
5899
4966
7922
6830
9812
5226
5717
8855
2682
9769
7256
2369
1197
6915
10300
8094
4495
9204
441
7458
4443
5909
5408
4855
2833
1076
7922
867
3275
2624
9020
4342
7115
4747
10093
5644
8554
10201
2419
7101
2066
2490
9752
552
5500
1475
3498
3776
7048
693
9991
5210
6236
8569
8911
3475
8017
6130
5629
80
2483
4212
9488
4332
5091
6584
1288
1751
4953
3249
9157
1271
6846
5316
2334
7072
5935
2440
5473
5935
5385
4060
6732
10378
8761
2453
2030
4402
3547
9816
6613
8568
5416
3469
1483
10296
5347
8192
3897
10353
4741
9663
9642
4535
8391
5636
4960
2751
7117
6322
6232
10139
9543
3047
10196
9114
10003
9717
5226
3794
1902
10049
7180
5316
5286
279
5098
879
3978
6712
4364
4784
1461
2418
6226
6946
4663
3308
5595
8265
2303
6930
9428
6447
1757
9495
6431
7538
10245
915
6353
1376
10295
1369
5101
10433
5226
6738
10399
9403
2186
8466
5935
5099
9610
1319
523
9990
471
916
980
4845
3714
10352
4024
1394
2406
5976
4409
8819
655
2798
495
3415
5650
2450
9592
8177
2026
2198
8773
2157
4426
1648
2731
9863
2418
4634
8394
7316
5801
4340
4899
5091
1668
6193
10544
2930
1922
805
959
10119
7901
2409
5734
4191
3651
5411
10541
6528
9917
8822
4611
1659
8588
1833
8002
9459
7684
2849
8907
5181
1083
4361
1211
1407
2425
9981
5487
6113
5513
5415
4724
9072
7712
10571
9140
7546
1296
8868
7090
263
5201
6192
8170
7058
10373
1650
3978
2666
9553
7869
9585
7482
172
6515
3483
1682
9608
8407
9355
9615
4717
10431
9407
10041
4573
2317
7225
8770
2818
6374
6088
4073
6152
4426
1909
2254
8416
10499
9583
3092
8925
4083
8780
10499
4127
6591
5474
884
10001
9404
5804
8695
9354
5256
1338
7995
950
6541
2830
5909
6857
4177
4685
5978
1641
5096
7865
8249
8541
2322
2406
6459
8104
5247
5033
5100
9005
90
2735
206
2978
1682
7979
4315
8343
9013
5226
979
4487
5968
745
9182
10339
586
3842
3346
7170
8239
3900
2593
1369
5062
9461
5059
7229
441
1318
5797
9618
2266
3131
5909
684
306
3255
5172
1080
510
7048
7980
9209
1306
8035
7764
2831
6379
2564
5510
3845
2170
8082
4077
4188
6861
1340
8353
7529
7998
5514
8899
9468
5574
6579
370
9780
10109
454
23
7936
5780
5505
4054
3893
5618
3783
4426
3518
2686
4788
5935
7111
4341
9101
8605
9843
6379
3524
6348
5763
6926
8926
8712
7818
10082
2061
2422
5175
268
561
3044
361
10332
2114
5801
8074
1147
2912
1768
10349
8775
7898
1032
2912
7583
4689
6246
31
4047
5935
6727
3449
3910
6339
6205
5254
10541
4949
4501
1326
3311
4887
4513
6500
467
7518
5479
3157
5487
2742
8964
6380
2606
8421
5509
6011
1774
7981
9494
2675
4353
6153
10532
6763
5796
8194
9875
4705
7758
3040
7298
65
8201
954
5767
402
3960
10544
251
244
10357
3777
5316
6078
2158
9005
7148
5130
5088
4947
4383
5954
1243
10296
2939
8212
7832
4826
9362
5269
4539
852
9907
6088
700
4948
10400
2389
1721
8281
296
5174
6278
2684
3863
5316
2633
2797
5310
4906
2429
3828
7353
1721
943
6858
5298
1190
3886
5467
8834
7012
10393
5316
8467
5959
1484
5873
9706
7215
360
9124
3764
43
7554
1347
9318
1685
816
2965
10280
6968
6140
9996
10292
2602
5109
3535
80
3637
4980
1319
523
2127
165
1491
3471
10119
10246
5060
350
5844
10497
6250
5342
539
2477
9468
7570
2502
5505
10383
62
7319
6103
1070
2726
830
7098
6700
532
5233
5559
1229
9153
728
8652
10005
728
9038
3465
8712
5711
4433
4426
8784
6146
9752
552
6187
1678
4222
6174
924
8529
5084
3050
3366
8943
5091
6477
2173
5661
9888
9117
2276
7590
5091
2582
10070
5079
9439
5660
10026
4460
6503
4320
2713
4318
5551
4645
7913
7895
7626
7277
5288
7634
3538
1749
6482
610
8707
8153
2134
6961
10281
10567
10296
2939
1009
5053
6361
3360
2265
10296
5347
415
10219
9032
980
6178
505
7160
7407
9351
106
2418
2373
4531
1982
7812
4160
6347
5332
5316
8434
2806
2267
10175
3178
6131
4056
6783
2114
5801
5752
7159
3486
9327
3664
5784
1257
6593
5316
8043
5862
9985
348
10094
1265
4880
3439
7705
7141
7712
10313
4772
3339
3932
9281
5490
3023
7400
4355
8460
2389
8900
975
4143
1279
3795
5691
4266
10361
2570
7309
3265
8962
4826
5402
6640
5487
6493
3403
5216
3670
3200
3937
8750
7582
1478
7094
347
9573
7777
1319
523
8935
8044
10109
7982
3328
5949
5239
1249
4418
2365
9131
2404
7747
3059
1682
3484
1437
9667
9439
8146
822
10235
5177
7103
211
174
1998
5896
3851
5487
8783
184
10132
889
2085
5044
1760
3511
3242
5368
3294
7630
10499
10142
5257
7721
8973
8388
1618
8854
4918
3153
5365
8079
2001
2731
1846
5404
7090
10060
9045
456
4544
1186
6677
9082
10218
6027
5556
10541
7295
8070
10178
5935
7900
5905
8474
4046
2720
3044
4394
6094
7748
784
2567
6250
4032
3501
4818
2087
5524
3674
7381
2406
7056
6788
101
4445
1464
8642
7518
5988
3466
8181
8339
5561
1369
4126
2890
9281
10268
5726
3675
4335
9899
7247
8954
441
2790
4383
3472
6871
6414
1454
6273
3978
8929
9797
1299
8549
9468
8963
7364
4919
3252
5387
3828
4386
2312
2547
8843
9596
1332
1092
768
4248
9491
2335
5935
9395
523
2342
9997
5257
3080
4617
3169
4279
8268
10293
10119
833
4310
6909
4762
6766
3800
7066
9239
10559
3658
3712
1186
3682
8610
8564
1122
4383
9938
8194
7926
8384
6162
603
8270
451
7001
2317
3526
2745
728
10530
5483
84
6507
4644
141
2508
6199
9644
469
9519
4154
9661
1060
5968
5196
3865
10237
9468
3905
6626
664
5854
1125
9076
4608
7968
5141
8988
5199
5935
4072
9004
2257
2970
125
1925
3800
7036
695
3681
3162
2448
5080
235
5368
8662
2016
1054
8347
4474
6919
9955
7463
9941
1198
7384
7860
5316
7606
1457
6371
3996
429
5344
6331
1709
6915
10019
489
2559
2912
10166
3525
9640
4983
2524
717
8661
8327
4010
8880
6088
7252
1108
441
7279
9230
1369
3899
8280
9733
530
136
1995
3486
2774
6377
9183
1834
9873
728
3840
38
4445
10304
5988
8761
9410
3412
351
10389
743
1840
2005
6473
4771
3828
7353
6283
7283
10148
2107
3486
9581
8633
8264
7518
5465
1750
6300
1369
411
8053
5670
3779
5091
4155
9094
6787
7350
8088
9354
828
725
5418
9903
7444
10296
10518
1065
7351
9744
3008
918
7215
291
3836
1751
7057
4839
2386
1452
3486
5971
7997
2330
5470
1369
8428
6529
1122
4383
8812
10120
9018
5796
8194
6598
6132
5427
262
1186
4670
0
8085
4223
728
3933
8538
7885
6382
9660
8631
437
155
1039
5091
4307
3433
4401
8615
10376
2346
1186
425
7063
4965
10021
6301
9439
4377
681
4822
8041
10190
8265
6681
7631
2717
9019
1479
2309
3099
9201
7157
2031
4545
1279
574
8998
8329
5614
2676
2087
7509
3801
1669
81
1010
7923
9585
8583
6860
8999
9164
5432
9832
5226
6738
600
3918
6646
7939
2470
5895
1951
7476
7395
963
10296
5347
726
5847
2343
5091
10436
6047
8554
9436
6496
6922
7316
5801
7722
1714
7375
9459
2171
615
1695
2585
5875
10413
10232
4783
6250
4811
3266
9871
7209
4719
4646
9074
5166
1306
8585
2608
6314
272
4335
7222
4218
2392
1603
6250
727
10426
2406
10449
8830
3942
2001
3310
10110
10100
1815
7518
5753
6136
657
8737
4375
6774
1224
3729
7269
8153
4475
922
4178
3654
3206
3761
7237
5300
7124
8455
2979
3908
7394
2600
10565
10221
1531
8740
6230
8010
8302
4003
8047
690
132
7518
626
3929
2418
4518
6191
7139
159
344
5246
2083
8861
9390
4868
7031
5945
5448
9385
5441
2898
8521
887
43
1066
2505
7189
6129
1790
1319
523
7513
6288
8337
8619
8861
2331
2383
8487
8194
10066
7596
512
8654
3039
7829
4264
589
7316
5801
7338
9545
728
1035
4403
3604
113
3772
1369
1357
2091
3445
9302
10389
29
9989
3318
51
8305
1001
2990
9388
5928
6968
2881
7127
9960
10066
2121
10235
8284
2050
1830
9699
9633
8588
871
373
5335
5596
2321
8206
10362
316
4293
8903
5285
3263
2657
1369
6614
656
528
8206
6887
5147
4979
5174
9462
5764
2131
9054
10521
7058
5279
5967
7930
8461
10348
5487
3993
2039
3037
6163
5087
6030
5226
8651
4498
4389
1135
4106
7309
3100
3927
6257
8270
5663
1805
9036
5333
5913
1983
1829
34
2075
9385
5441
55
6162
9937
7585
9297
5368
5883
6859
9740
9165
2003
5796
8194
5817
2364
2824
7316
5801
9463
2374
3557
1791
5917
2317
4725
3372
10294
2103
7457
7712
7559
7649
9660
7890
9485
9947
1213
8270
9770
420
2594
1215
3080
4038
914
4663
2613
834
10312
3044
3984
9604
74
10349
6904
5368
10461
2375
2269
6504
7345
6147
10213
3903
6103
7598
2628
3174
795
1319
523
5733
9508
4983
1978
1086
10510
686
5226
7828
5403
3061
6330
1319
523
8439
5933
2152
4554
9547
1531
142
277
3761
4973
3574
1843
2693
4125
7209
7605
8
5603
9925
3142
9970
4288
4565
5889
2473
6878
5583
6
5934
3168
4615
9369
4370
4245
8916
3080
1267
8656
9186
2738
4834
3044
55
6162
5749
10126
127
10420
9954
178
1623
1369
2661
8966
10531
8779
3036
9385
6561
8161
7644
10159
1570
6162
7518
2761
9305
9500
5727
9816
6613
9603
3440
4022
6103
9786
6317
6038
7215
10545
1289
1718
1365
980
4740
6106
4118
8154
441
8918
478
3603
2070
1544
1416
7405
8808
1012
3638
1685
8885
9435
3021
1584
7995
5847
3872
7663
461
3312
10200
6326
2915
10095
5605
4806
7662
10448
6050
7530
4983
8950
4569
1161
5175
1734
3419
5315
4426
1336
6249
3733
2667
10447
5935
10046
26
8836
8726
10036
1751
2956
9030
10199
1395
8497
10094
1688
5868
8018
7262
2817
8663
584
8083
6292
6688
8712
3410
2258
388
403
7316
5801
5826
9445
9050
932
1309
5076
8667
4036
10152
6968
6679
3634
3411
980
7033
1735
6578
5456
1177
174
8354
2085
8837
2516
2406
3268
3285
1093
9114
7911
635
5775
7841
9271
7107
4609
8206
3631
2975
2087
7574
9597
1272
1252
7298
4756
5566
4956
850
9886
2768
4701
5267
5002
1396
4692
569
3953
3492
7712
7495
9001
5137
6250
9085
909
6745
2395
6320
310
4453
9879
2966
6413
4151
5820
7263
2439
7775
441
7317
6741
4525
8260
1856
7356
9753
9932
3191
10413
1755
7231
5968
3291
5718
3204
8153
6670
651
8009
6316
6645
2820
7555
9660
480
2926
2299
1737
6476
3536
3050
8874
595
5407
2306
9910
441
8769
905
4225
441
7286
1733
7607
7662
2056
7599
418
8181
10205
1841
7370
5531
7332
3908
6142
3950
8665
10251
4983
3930
1406
6250
4673
3773
10541
7086
2749
5658
2912
2858
3243
1479
3113
989
5257
728
1849
1110
9672
1972
2195
7991
422
10499
628
5683
1854
7421
7462
9017
5214
10413
2133
3003
3931
1169
8588
6426
609
7497
8475
5989
6597
6136
8649
4732
1672
1092
6642
252
4537
2912
4917
643
983
7638
2649
5940
6256
5579
174
2060
2331
2383
9875
5316
3434
2951
3134
7558
2747
5935
6535
4388
1989
8521
4672
5292
9435
4346
4383
8485
6269
4134
8302
8352
4594
4523
1069
6445
6915
8827
3367
3319
1063
8712
5604
8589
4714
7235
1173
8181
7392
2441
10134
5485
6870
4640
7975
357
6938
10119
1567
10043
6045
1390
5775
7628
9309
171
2087
4478
3765
4595
9073
6653
5486
5239
8777
620
7995
1892
8376
1446
3966
5909
2885
7418
978
5013
441
6033
8306
8235
1864
7518
5475
8403
121
174
3778
2073
8746
10587
1682
6793
3590
3857
10240
5551
8584
3551
8569
3608
712
9439
6366
9867
6848
7094
9310
1220
3340
6968
166
10253
3799
7564
6755
5063
8296
9034
980
4362
4748
10160
4455
503
1969
3910
8071
4048
7487
1619
8590
7533
10296
10518
972
9908
4070
2390
7730
7015
5316
7800
5985
541
6809
1306
9187
8389
3248
8887
652
5117
2941
2162
8004
8615
4884
3139
3695
5564
9289
4644
5108
5423
8228
7745
5394
8569
8543
3883
6103
5530
2934
8588
2779
5031
5750
7534
10256
8206
9127
374
9594
8032
9354
2350
185
9963
856
9585
10438
9533
3337
5146
8060
787
6162
9783
8817
4785
5720
2270
1531
1640
71
4570
4467
4236
5344
4922
1944
3230
9438
2259
9718
2086
7302
9529
4122
6956
1262
8771
4299
1367
441
7614
42
2860
2552
8444
1531
4688
10606
3908
9366
3970
4940
2912
8691
1615
6431
2497
9294
5956
457
6804
943
1753
2244
5775
7113
2794
7139
6149
301
6833
5316
6750
6289
2836
8327
4490
5622
4701
4861
6275
8965
9519
10048
4356
43
8008
237
8712
337
8873
9585
2865
1304
8712
8798
2465
9999
4147
9086
1682
3823
3226
2546
6597
5609
639
2700
9885
3747
43
8008
5997
2547
1891
9806
9350
8386
5528
6379
4758
4383
8993
6036
8196
5333
3971
4142
2218
3800
8360
9589
7287
1950
6997
4983
10450
4739
5620
8844
7316
5801
6875
7689
209
4804
2721
1479
6499
9337
10296
5347
3345
2939
583
2895
10310
3060
9592
10336
7363
669
289
5467
9214
6505
7379
7447
8181
1049
5461
7578
8701
1838
441
6007
5473
7058
4981
2616
6976
3728
9098
7529
245
5898
5182
10191
7772
1319
523
9215
1155
4662
9765
8856
191
6903
5677
527
3800
6070
4620
6088
6767
909
818
1206
6431
7754
4903
1601
1906
5111
6379
10495
9
8326
5216
5037
4773
7354
7895
5743
10609
5687
7824
7529
10407
5328
2444
1678
9197
6780
728
2243
9830
2912
4627
1855
8803
8415
2146
9176
6637
1816
10463
6555
7256
7489
6791
3579
3537
9220
1122
4383
5243
5597
608
1894
9544
728
7907
10135
4687
8496
2977
9114
9537
10411
1071
1485
9641
2800
1685
10443
3802
3878
7529
10519
10167
9766
9189
750
10153
7316
5801
877
2437
6707
8062
6697
8265
7561
3490
5494
4749
9591
9114
1775
4230
2089
441
2423
4699
2418
8261
9909
3761
6436
9089
7576
4805
6103
9037
246
2530
9198
3129
2159
8214
8712
2021
8446
10062
1806
6956
1262
6616
1443
3983
10321
8265
7459
3879
6704
4030
2153
7058
8806
5324
6081
5642
5088
9344
7584
1924
8513
329
5203
4871
2438
10155
4962
8933
8737
4937
8729
3155
5135
5661
4329
4001
5730
4708
2141
6379
8951
4497
1531
7502
520
10413
4807
7205
10260
7945
441
2527
5120
4869
3833
8265
8582
1555
9794
4643
9620
1476
4911
7490
3761
10133
4216
2122
443
6504
5187
2623
9002
3573
5032
943
1517
7022
1743
8450
8469
8861
3506
7623
3940
568
6088
2892
8081
787
6162
968
8499
808
8687
10154
10544
9445
2620
7047
4426
490
1067
2216
5495
1185
2210
5876
1155
753
6293
9796
10511
7512
9468
1270
8744
5110
5410
2472
2316
7919
10413
6164
8612
9479
1518
3761
6891
4875
2572
4660
5362
10445
655
9827
3402
5316
4997
8692
4296
5968
1393
4446
1171
1279
8413
9778
6657
4
5282
2675
991
2143
6227
4008
606
5442
9441
2476
1678
3955
8029
2136
4131
4519
9592
1853
1115
7091
7223
1496
1749
6482
3352
7969
7316
5801
967
8877
11
6730
5096
2188
8790
2418
3618
6333
7025
6170
2017
8406
6103
6815
8904
10109
9648
1863
2389
4776
3485
7728
9614
1185
2294
8158
4681
3800
4021
1592
938
4091
7358
2001
1136
10417
448
9695
2709
5316
5741
1261
355
5185
7518
8979
8124
6316
3075
8553
6919
3373
214
9379
9666
6103
1698
9829
3683
8265
1937
10361
7011
9156
2872
1297
591
1856
7356
10025
6088
1227
9138
5446
7316
5801
5673
7778
3147
1759
9585
5290
9779
174
3562
6251
6990
8335
728
6586
9278
5421
8644
1531
1640
8445
1521
7678
9330
4293
1199
5241
3337
9792
334
4179
2460
5569
569
7941
5617
1072
702
3394
8206
2181
7019
8636
2544
1831
4195
3236
6379
8234
10151
9992
2514
9528
9385
3264
2984
3044
9112
3843
7374
1386
5952
2389
7617
2906
7655
10094
4877
2019
7378
6116
8961
2389
1721
7987
9595
4870
3915
5220
7330
9585
7232
3425
2674
573
3228
5316
9405
10546
332
9490
4209
4813
4335
462
3784
3365
2426
9439
4557
6733
2874
2687
2209
3080
1048
4068
6631
9076
5776
7591
8861
8920
2821
3128
491
9585
4051
7864
8636
6282
6231
5316
7045
2718
7970
10296
5347
5097
9079
9078
4085
7176
6597
5259
3928
6915
7234
2452
9766
8119
6457
9625
8181
6441
4619
3132
1293
2891
5509
696
4014
9585
8945
2345
7309
1335
7461
8548
28
7516
4426
7542
3632
6369
6451
1028
5909
5003
5738
10211
8712
1746
7
7139
10478
5801
307
4067
5289
9585
9656
4249
6341
9887
8185
5934
6719
7575
8712
10575
6984
8825
6520
5816
7712
1823
4492
1369
7937
8658
3195
6807
8237
8761
5938
6776
7421
2109
4132
8575
5175
268
5538
6148
1726
1531
4688
91
3109
3740
2238
1185
953
5026
7863
4183
4509
9281
7288
8949
9640
3671
1685
5540
4462
4102
3086
7952
7922
107
8930
1552
9439
5072
5914
8712
1140
831
5422
1874
10296
2939
10528
9364
231
5935
494
3437
3427
5413
7790
6250
8914
2968
9057
5090
6184
9334
4717
6928
5861
4895
10412
4200
2530
4018
1428
5855
8654
1040
8902
8443
3210
6919
3957
4458
9639
3915
535
780
2659
5271
668
6405
523
9260
3761
9933
9945
1756
4182
2470
4093
3
7264
10544
4913
5317
9150
7224
6915
5371
5623
7518
3259
7245
80
3637
6570
6612
6173
1569
1369
7398
7719
3020
5316
3295
531
9971
2832
8737
5198
7702
2528
4969
5935
5519
9572
4410
1204
5161
2990
10355
974
1976
6597
4885
21
80
8454
6920
840
9821
4641
1187
1522
4779
1416
10091
7910
752
8854
4936
1959
9057
9447
9578
10278
2326
9658
7090
1008
5897
5363
730
5775
1486
3351
7653
8276
4831
5027
728
7260
1993
2957
4108
1661
10484
6379
5845
9232
10209
435
5316
5892
2534
10050
2145
9468
2671
7137
4273
7161
8712
7616
5327
7046
8207
332
1904
3067
8970
858
5909
9541
9698
6647
8592
7331
1751
9249
7686
8251
191
4476
761
5020
8126
813
9428
5466
7355
3920
10563
9592
4943
8765
601
1742
5838
5096
5356
1747
691
7094
6760
7187
5305
3081
7435
3080
8372
2099
2067
4556
5333
6643
897
1626
4426
5922
2902
1595
8908
9177
6290
1506
5700
9504
9428
838
1813
4187
6088
1814
9728
4390
1134
5316
6910
5262
3629
5502
6486
3474
9176
9097
2526
5226
1758
5378
9298
9262
5909
2074
9620
2991
284
8712
2190
1536
10296
10518
1058
6309
679
9406
432
8383
7139
8426
2401
5969
2912
7532
6818
9222
6662
1077
5179
9752
3118
10210
7070
7162
5280
9660
2550
685
7733
8660
9439
2961
4721
5118
3197
4445
115
7723
4977
7960
10017
10541
1474
5082
8078
6357
3084
6662
4170
3106
2317
4725
7931
1104
6088
2006
8579
4239
9116
9742
6488
7401
4603
832
4455
9208
675
3313
4588
7454
558
3649
8089
4591
10432
1470
7233
7094
2749
5612
6703
5909
98
27
9102
7058
4808
1435
10541
6528
3163
7366
7193
4240
7316
5801
1371
5004
9951
6088
9789
4927
4934
6968
130
3569
2318
9530
8800
10200
10582
6708
9969
6731
8944
8240
285
5390
4929
4335
5301
3662
6442
9748
6088
3404
9432
10288
4322
2554
1724
7003
4602
8005
5485
1247
431
5515
3346
380
1720
10499
5856
3138
8016
4396
6198
4793
10344
2462
8194
920
4690
10007
10000
332
5770
9915
7994
9442
7529
6364
239
4204
10326
6504
7839
5504
1489
325
3859
3044
5391
1021
5721
3406
10119
4472
804
5392
4810
1319
523
4233
4192
5088
8191
3189
5009
8835
5174
9095
630
6604
3080
6133
4840
728
1649
1732
7478
2649
10301
1703
6835
939
7791
3346
3826
1436
6379
718
6308
1941
6313
9585
4336
2033
1699
5264
2912
5263
2841
8811
6994
4902
7767
4513
7191
8145
5316
9551
5568
6362
8889
9527
6250
5911
2838
9439
8084
352
3486
4326
1637
4836
5042
4008
7371
4494
5669
5029
10524
441
9227
7125
73
5701
10296
5347
1231
3855
6842
5123
381
1737
7567
4774
5557
5096
111
8117
3233
4077
10456
8495
3141
117
3239
2389
86
92
1414
6379
8570
5574
80
3482
3260
8636
4587
1024
9585
4336
22
5306
3665
2947
174
6689
9900
2868
906
5340
6798
5588
1178
5649
5050
6091
9267
6088
9605
5499
8348
7624
9822
7215
7320
403
8120
9954
6018
6468
8794
1082
3198
8960
8883
553
6504
10319
10044
3939
6316
9424
10185
1696
4184
7058
7093
8688
4335
4828
776
9612
3198
8572
5463
8430
724
7301
5316
5652
623
10541
6093
6490
2554
4435
9258
10233
2614
9534
5551
5295
3875
5815
2327
4455
6485
9236
9651
9571
1919
655
445
4417
4445
869
9630
7893
5909
7181
4196
1329
5909
9152
3011
5485
5863
9948
143
9519
9714
10074
6778
6277
2268
7309
6840
1910
5598
1503
7959
2281
327
9761
8031
9671
7058
5918
6599
7109
3082
10492
6107
728
10494
6066
571
5471
6032
5091
10540
5376
1254
3164
5935
10421
3302
3344
9986
9896
6088
10370
9358
4256
5270
980
9757
4729
1917
9821
7423
8585
2011
3828
4597
10128
49
225
9281
888
9175
2389
8134
6557
1788
1801
3915
5739
3196
174
7324
3183
4007
7436
6250
5654
4080
7139
1609
7647
2759
5909
5003
1139
8720
5467
10572
2708
436
2624
6461
5543
441
6684
5290
5485
3595
2677
3216
386
4217
2317
7709
5341
441
1915
3718
9629
7307
3828
1387
5277
1091
5091
7804
2939
10358
1763
8165
8728
9954
4483
3566
9172
3828
6022
9835
2990
459
156
8588
5357
6738
3223
10499
518
4052
7831
523
7239
9029
43
7153
9235
7220
2903
2447
6250
3101
8465
5406
9439
6115
2396
10557
5316
168
7126
9739
9585
4153
8901
9383
798
9766
8869
8381
3342
5947
5935
405
2529
6956
2518
3798
7128
1824
5344
1216
4265
6478
2848
3044
7172
3145
4864
417
8522
9883
1737
372
1440
7359
2236
9264
6023
2187
176
836
5333
468
5647
5888
837
2884
7518
812
440
5601
3874
9794
2773
3443
7316
5801
556
3276
9076
2627
10574
3978
7795
9995
9332
6525
322
5909
9772
8715
5588
1178
3150
7373
523
8411
3782
6821
8121
4258
4321
9385
5441
1333
9129
8696
7304
174
3726
2323
1842
4967
9114
1622
6792
8615
8262
1308
6250
4238
870
4717
7150
8080
1154
6332
9281
10611
4189
2239
8099
8206
3035
7097
8971
8554
4752
6925
2595
3891
5935
8236
2234
3559
4579
5043
6915
4243
9342
2888
6915
1351
7106
5333
10305
611
9173
67
5565
1122
4383
4863
3519
9957
9788
2404
9268
3077
2843
6296
10094
10593
3453
3904
1092
3512
2108
8255
3600
8270
5663
3227
10354
8712
6014
475
8712
5693
5951
8670
6379
9815
1515
8680
80
3825
3550
4527
1388
8761
5920
6949
9076
602
4119
1502
476
8091
3162
280
3515
9303
2301
6167
1092
9069
1431
1538
6566
8858
5968
995
1785
2219
1856
3183
9244
9252
10296
5347
3345
2939
5122
3882
7641
4237
170
1678
2728
6162
4585
3261
2990
2914
8934
1369
9363
1162
638
6448
6908
10235
5177
1593
2379
9281
888
4844
2530
3274
9326
6098
1934
8887
652
10271
10413
1778
6722
5935
1779
1380
7753
7557
10217
174
1687
2111
7273
2241
6915
10568
4075
3761
5138
6434
147
3828
4786
7112
6250
923
10537
5487
4113
7531
8813
5182
2093
7316
5801
1180
2801
9263
1776
3044
5191
46
10061
9564
7504
3757
3611
8776
8509
8498
9147
9428
3048
1217
7168
174
3565
2988
5196
6617
8087
2990
9184
1029
1412
9669
3082
8231
8235
7388
9073
2118
7415
3667
5931
2406
1985
4129
5096
2481
6723
2189
1130
787
6162
9790
7409
1369
5192
2653
1980
4618
7787
678
6124
10541
4393
3952
1598
1800
5278
7895
835
1867
533
2052
7182
6379
7240
2730
3837
10607
6970
5661
5514
5728
6095
4445
1084
10118
9218
4533
9766
4638
5555
6084
6726
2957
9041
6648
2348
9114
1775
6889
8181
5040
6508
10603
6088
6449
4991
10324
7347
3782
764
4990
6316
670
7087
7175
9076
2764
10071
5870
1373
5887
1306
2609
6881
7194
6402
7529
10078
895
1493
9663
2959
9506
6936
658
6569
8554
8719
5715
7143
5520
3082
8756
336
1369
3548
3814
5316
2002
9015
884
1353
6345
8849
399
5934
2252
1852
10308
2456
8206
9973
335
719
5935
5675
8826
8194
7208
8286
3576
7518
236
3724
4928
3915
8684
8380
10596
9722
3408
9468
1546
7500
10149
1189
10296
2939
5359
1062
6509
2692
5316
6214
3811
7922
4499
9091
3082
555
6262
1850
5909
7181
6567
8616
5850
1092
7817
2274
4368
2100
5694
9954
194
76
8981
271
1309
5076
557
6177
488
1122
4383
120
2976
4558
4629
8898
5968
10173
5093
4660
4114
3895
3112
1441
7058
5106
7082
2492
7564
8254
980
6350
1225
3238
6521
6915
2480
2434
1652
4293
2842
5562
3337
4488
6166
218
4161
7090
9891
3977
10534
7446
8219
5213
1369
4605
3327
5151
7050
3070
5096
2023
709
3232
1912
9233
174
9060
4214
5160
9742
426
6121
4306
6215
4667
5316
7349
6771
9241
5487
756
8014
8544
3237
4938
2389
4810
1442
8320
1292
6916
3346
946
4404
4263
7336
6987
10544
9046
1676
5512
10296
10518
2834
7625
6302
1092
659
3558
1138
9777
7914
2547
10488
8314
1306
5537
1210
10413
1305
7013
8761
5920
2410
9720
1037
9694
7094
10285
1499
9994
10289
4308
8153
7373
523
9185
7821
1935
2911
5467
4933
8183
7725
1339
5316
546
9826
4701
4631
2485
1820
2064
7993
1479
3697
3743
5018
2990
8175
4500
10042
2736
697
7090
358
5962
1479
9538
5760
3520
4274
8240
3888
6218
3846
6755
7666
9944
6250
3349
9793
3797
5983
39
5860
8614
955
8477
7927
10197
441
3068
9059
7895
9162
8801
5316
3245
9399
773
9636
8327
7424
4109
9073
5311
2632
8327
5208
8345
6504
10263
3619
7209
5095
8479
2547
1106
8111
2317
5128
5865
9021
7090
9384
8418
6662
8936
7142
3267
10485
7895
7626
2646
2536
3358
1479
7089
7992
6761
7750
660
8404
10592
207
2451
2406
579
9746
10356
7352
8887
1948
3317
9411
580
5485
460
8194
6336
9856
224
5761
5588
1178
8211
8533
353
8611
8712
7144
2251
9224
3026
1613
6320
10068
8333
8302
135
7468
794
2225
9592
5021
5188
10466
2032
2317
3421
6197
3539
8020
917
2503
5316
1869
9795
7857
5395
8761
2453
4798
2332
8327
4577
8956
2115
3809
1092
9599
1617
8308
2954
4151
6001
5574
3467
8554
7696
949
3337
9051
3880
3336
1682
7393
5464
5830
10138
3346
5785
2846
2062
8754
408
9519
3034
2144
8994
7917
2376
1416
7984
4504
7152
7990
8712
5188
3832
10576
2470
1704
5465
8722
4728
6666
9954
3413
7471
4277
1562
2775
3250
7527
3804
8957
4618
1469
204
6880
3161
8232
3050
64
9627
619
4158
787
6162
6155
4234
564
4381
3337
9443
2484
4660
6729
3502
1749
6482
5800
8685
8845
3761
6514
5944
2765
3800
6070
6932
8887
1410
8309
9264
7291
4336
8095
10541
4102
1238
88
6491
7943
8391
7756
7088
9982
4320
7323
5426
6025
9677
5661
1953
3750
9286
5316
2826
409
2418
4267
4280
9766
210
6851
3105
4753
1754
4513
10252
3946
8712
8169
2034
9275
1586
1936
7571
8361
1551
728
6781
7079
7801
3087
10306
736
7068
2703
8310
9755
5091
7799
2278
1764
4426
598
4680
2451
7621
7058
1362
8051
7327
1092
7346
1237
5536
9459
5902
10015
3080
3668
2193
1751
6205
2521
9063
4305
10499
7807
6994
7658
6297
2530
16
8387
4361
1766
7064
129
8577
6224
8712
5010
523
1057
2357
6988
10389
269
321
6024
340
9166
10306
93
9323
10200
1421
4260
4935
1417
6956
9712
4092
6087
713
8012
728
5740
4104
41
5268
3013
8391
9256
7211
7243
577
4008
5903
937
5091
10330
2825
9585
8945
9782
3749
8573
2363
8712
5147
6879
4843
7529
10316
4039
438
5509
3543
7581
7667
8401
6956
2518
8733
1309
5819
7240
6122
4026
441
8250
9104
6872
1574
7661
3080
273
6169
6088
8274
7883
10018
7611
9472
6186
8148
6808
1068
7918
3771
3080
3602
5476
9798
10187
6902
2087
7314
5215
9439
6568
8412
2262
9120
1011
1913
5114
10094
8552
5615
441
7946
6140
9996
1055
6915
3399
5360
2507
10334
6245
2418
9741
731
5085
1865
3353
10544
9429
6819
3001
8253
5935
3856
4757
6099
9758
5316
2658
5302
2079
9000
5599
9354
2351
4833
7174
5668
1472
5935
1002
9090
7290
4303
9766
1554
10564
7499
8282
969
1290
8852
10119
744
10239
1531
1377
9133
10223
414
2986
10222
1468
9716
8908
1740
5572
6259
7450
10583
947
753
6108
7296
2622
9176
4450
8472
7732
9167
1266
6662
3803
2942
7491
9180
1279
10351
5827
6816
2482
5316
9611
5754
1856
5272
3560
4461
6322
286
7010
9711
6874
9468
10391
2551
9805
174
10589
8431
8365
5801
6895
5834
8588
124
5200
4701
3371
8953
8097
3884
2741
8147
9914
1682
698
1549
4606
8908
2690
2668
7903
1275
3800
622
4270
1350
3716
9821
9637
3148
81
198
8892
1355
3076
8772
4445
5893
3796
10503
7562
10296
10518
4763
5372
5230
3082
6340
2040
3489
9373
446
5487
5491
3623
6790
10269
5178
441
260
9774
5960
1564
174
5841
1014
5380
4293
9093
2900
1178
5835
9005
2302
2430
1319
523
10243
6043
1610
5086
5435
8712
2894
265
5909
2041
9482
5091
5698
3477
1508
248
7757
10549
5105
10389
8725
7928
1122
4383
7096
9679
5316
6181
710
3731
4286
668
10088
878
1504
10235
5083
2215
8240
8225
6728
9178
6465
728
7368
1582
8190
581
7316
5801
6625
10504
8643
1307
9269
3198
1560
9759
631
5354
8427
2649
4219
8481
3959
5316
3787
10501
9575
8518
10158
1306
4141
8298
5252
4618
594
1099
6934
6354
3751
10038
7779
9306
2641
6979
7529
2333
4344
1723
2300
4793
6294
7197
9893
6960
5202
4151
8947
1398
8270
9936
1090
10137
4847
2861
8075
6915
9813
8824
1642
3241
2250
43
7763
7212
2001
1873
4866
2253
1405
10106
4644
1812
9321
1381
3044
9450
8194
3556
10306
9259
5877
7973
7940
6088
6100
9370
593
4226
4658
5336
1711
2296
5121
240
3730
5216
6780
9690
5632
8540
15
4513
5028
7573
1636
3156
10195
3978
8647
9872
2195
3577
1051
9751
9356
8861
1970
8234
9876
2575
8366
8039
2317
10591
8671
4246
4002
569
1397
9207
1309
6667
6978
4454
7929
9035
3817
9408
5548
4621
3581
2605
5316
6629
3392
3303
4120
7215
3262
7749
2957
9654
7443
8558
332
8703
5634
2207
10398
5796
8194
8448
4579
5043
7328
4589
5226
2733
9840
1769
1677
6196
10541
8959
7021
1961
4333
10032
1369
9621
2242
4445
6062
692
6537
5058
9902
7215
2222
5438
570
7518
806
19
4011
5006
1186
7390
6026
10505
2412
2407
1279
4496
1806
10038
3455
1500
6664
4632
2053
441
1915
5314
7426
5167
587
3346
9137
7868
1207
2194
9428
7560
8576
3885
6379
7519
7100
2087
4269
8024
8861
4503
9865
7294
9659
2221
9507
5487
162
10469
6421
4950
6956
4424
1727
8723
6435
3999
655
9721
2672
8483
9456
1369
2271
4676
4513
7191
7481
8554
7099
2685
3078
1074
7058
1786
8793
2179
6588
655
10204
5795
1036
5377
5860
5998
10401
8357
4278
4320
9767
9754
9188
8449
10306
4972
757
4416
8554
883
10086
5316
7924
2807
5487
3185
5197
5308
8636
319
95
10063
57
7316
5801
6581
8142
997
8818
668
9750
6123
9523
5801
4414
10544
9445
1671
174
7412
8758
9517
7948
10255
7964
329
5203
3596
10518
5744
1165
1682
234
9234
6523
8220
7256
772
5203
6894
4923
10012
4008
10473
3441
1411
8217
5091
72
7337
5505
10536
2893
1163
2547
5635
2261
7221
6693
174
3343
9079
1827
2001
1136
565
10418
3791
4397
10541
6029
941
5126
1369
996
5529
1422
9901
10296
2939
5359
4276
921
1279
3912
5195
3384
6250
9841
25
8313
2654
8206
2995
7520
703
7360
2105
9005
1798
8598
3507
8484
9439
9359
10399
6782
10055
1653
4565
5472
8422
1654
9585
5290
9123
4561
8989
5984
8854
5349
8624
398
3234
4259
8761
2453
4090
5316
3380
6141
3958
1150
3915
7723
1455
7724
10024
6847
4151
433
6271
5316
8019
2454
8468
8995
1309
3307
4137
6161
2211
4941
5175
1734
3254
2844
8435
3250
9245
1761
8507
8064
8432
2288
6431
5211
2411
5487
1020
196
7479
6351
5429
2912
629
5866
575
368
5049
884
8441
9550
3753
1670
6915
5325
4112
8153
2134
2433
1751
2531
114
6162
2037
7632
1025
10541
1563
4330
3759
174
2952
4955
6458
676
4028
3817
6127
7593
8419
441
66
4374
3308
7313
56
9585
10438
5852
6849
5704
9478
2912
9371
3121
2389
1121
2217
3597
441
5713
2068
3852
6208
5052
5487
7167
2391
2904
8895
5695
6379
4555
8748
9814
9515
9439
2142
3981
2163
6940
10203
3513
6598
5223
179
6260
10541
7965
4421
3943
1931
5505
7826
9700
6088
1631
2758
3867
5207
3348
2069
7048
2756
4786
3219
1685
6003
5113
6836
2389
1721
3909
5088
3438
6912
10084
9009
10242
9076
3095
8176
4846
7434
6431
9731
2474
2404
2778
7602
2377
5796
8194
7830
152
1038
10150
3487
9005
8580
10156
1313
6464
5222
5661
3616
3717
10129
2500
8464
4465
9742
952
5894
3054
2912
6450
707
8184
9592
4766
7383
6086
7048
7213
3894
2087
189
6206
4079
8238
5848
5485
10307
793
2734
9817
728
7511
8828
2983
10141
6400
4077
9966
5619
6956
4574
8269
1856
7356
2182
7681
9958
7668
4293
6552
9851
2875
9400
10183
2404
5246
5584
9468
4675
3947
3723
10250
5091
3244
8910
7385
3910
1263
842
9109
2389
1721
1962
8897
362
4215
1185
4882
1866
3457
1279
3923
9159
7974
5333
200
4352
7942
3354
1548
2087
4750
3322
9439
1418
10337
7058
6950
6867
2135
8712
4803
2783
1178
4473
1535
3910
1263
842
1632
2644
10491
8854
364
7565
10238
6850
4426
6126
3163
6004
6737
2380
5175
4059
1930
1311
7090
6085
4156
220
8861
8795
3216
5724
2822
6379
7293
7595
3761
3699
10193
6972
4186
728
9762
10475
6882
9190
9749
181
2418
3659
1269
8786
5851
3499
1319
523
9990
6363
8125
10284
7123
7256
5274
7387
9954
3301
1327
5088
5746
7333
10235
1505
1627
2923
2174
1369
6624
8927
1109
9324
10408
569
8049
7794
10058
1026
1737
10130
1844
4674
5509
3321
9272
4580
5968
3986
6265
9622
8459
9439
4932
2101
4232
9073
6783
118
9233
1739
2406
1990
9193
4144
5521
7090
3690
6037
3203
7439
8982
4644
5532
5313
9250
9023
10182
3346
1633
5149
5047
2470
9449
7241
7090
4640
2961
9742
4180
1543
139
3588
8152
3910
10359
8489
6915
2714
247
10605
1675
8867
9391
6968
1141
6548
6768
1602
9114
6089
1662
1319
523
5434
4994
2617
1655
10474
884
1375
6183
3382
89
5253
2317
1789
8470
79
2610
4660
4400
10076
728
3057
8453
7102
3800
4021
544
2889
10064
2663
1319
523
6695
2263
6328
4050
2124
2404
8814
5119
4701
4631
6119
660
3592
6352
4859
9663
10277
1284
10236
853
677
660
3991
9270
9057
7642
8829
5891
5164
1369
3436
9540
7604
6365
6186
9353
7034
10454
7529
2337
10402
2381
8321
6379
5132
8514
441
3350
8143
3864
5594
186
9718
2038
1346
7518
2512
10366
8233
2919
1015
728
6770
2324
119
7780
1186
1509
4325
9892
4565
3945
6194
9686
10296
10518
1378
4354
2387
6866
7432
8588
10441
9707
7049
6641
6546
10181
3044
4578
5094
569
5823
2078
7204
9592
1853
3391
4395
2869
8224
5070
2624
9968
6028
2397
9842
441
5573
1892
4505
4373
7662
10022
2953
9505
9849
5975
7309
779
338
1711
5667
8747
10476
9631
980
5293
6372
6662
10551
297
102
6519
227
943
212
6749
604
7300
4563
2087
8622
5496
6195
2643
116
7209
3416
10189
6422
5344
1525
2256
9663
9559
4963
5168
7922
1259
9584
10052
3044
3701
4702
9643
943
9291
6615
2055
1369
10558
5322
2802
908
1749
6482
1847
6772
10562
441
3943
1931
4823
10247
8859
7305
3800
2022
7664
5236
1836
1678
617
5801
5826
9336
2223
7058
6554
4975
10499
3719
10224
2650
5964
205
191
2166
9154
6826
4493
4302
9926
9176
2325
3956
2737
7389
5226
2201
10043
7133
9307
1122
4383
5067
7765
8122
8144
9861
10541
9315
3136
5992
5773
9696
5312
569
282
10039
8344
8677
9964
4077
2648
8872
668
4284
907
2699
1013
5075
8663
4824
3463
655
6694
6211
10527
8188
4567
4445
1825
3235
9480
5909
6083
7671
13
5935
7067
3117
8040
4860
515
10335
9428
8968
3975
9934
6484
8588
8256
796
10439
7251
7811
3828
3988
2007
4415
4826
7242
6632
1223
8741
3707
6431
8341
4733
6601
7073
1531
9059
5065
10395
4128
2793
81
382
6751
406
4133
8526
1479
7577
1427
2876
800
640
7215
352
7989
5526
10203
3513
4661
9737
8528
3052
9114
7911
977
8164
10037
6700
3324
9974
5078
2047
6483
441
7420
2180
5909
5323
3735
226
5316
5602
7580
7114
5672
4426
9279
8171
7058
7271
4275
371
3080
10231
9726
9217
9498
3082
5445
9352
1409
10215
8847
3213
9418
35
8302
10385
5981
2969
4445
5136
1321
857
7236
3273
9113
1016
5586
10203
3513
3448
7698
3915
751
10047
8505
4812
6321
7094
1085
8666
4775
295
4111
4644
8991
2752
7633
9681
2912
4034
3628
2260
4432
2739
1279
9237
9972
782
2680
1369
6212
7198
5216
1450
6630
168
5588
1178
428
10479
8791
8876
8654
3700
6565
2927
5316
9497
6233
2087
5353
6401
20
1451
5398
3044
4394
10261
8194
4361
9952
5966
7155
6775
502
7421
10006
6571
10206
3686
7529
8374
2008
4312
5661
1953
4071
4742
43
5790
6410
10257
6131
9980
5171
6504
5255
8167
746
3297
6516
6431
9145
10472
7139
10261
8194
1731
2383
9170
1056
2611
4663
797
6975
9040
9689
6662
5937
2933
2649
5231
7553
9510
1148
8588
2275
940
9468
7570
4743
7618
5071
1260
4717
6398
6171
253
7734
4793
3768
10550
2305
3284
5169
1319
523
4061
10338
9776
4644
1817
4890
8689
5909
8545
6268
7121
9149
4886
10541
7822
9949
7048
8436
9046
1439
7871
5292
9435
6355
9417
4398
3954
4826
1166
1868
3363
9385
1174
10105
3115
1052
827
10413
2563
1826
4159
9660
9953
10027
6915
3612
1178
6261
4372
1751
1534
7369
8112
7035
9132
569
9552
8574
7108
9158
655
6052
6031
5221
8315
5699
3828
145
2863
6964
1408
4944
6250
8984
9390
4260
6322
7282
3738
5224
3844
4701
10580
10073
4675
8011
10276
2317
2781
8218
2921
5226
133
1663
493
8737
10427
9392
8718
986
1737
7007
5170
4445
5893
4336
2791
2024
8648
3915
6220
3985
377
7217
7061
3370
2649
966
930
6068
1279
6931
5283
4445
6907
3435
666
8645
7529
1246
10011
9114
10003
2092
6067
612
9052
9468
4300
3459
10525
4293
4434
9542
8240
9650
2939
5684
6655
7956
8270
10198
6649
8737
2009
2917
9719
9481
5174
8850
970
3761
7430
427
10346
5458
6425
5588
1178
3278
7766
9962
7139
10482
4360
6323
2782
5970
6250
5911
2838
5485
1595
9016
1819
5216
723
1022
2554
6404
9912
8785
2795
2406
8325
5696
7215
8368
6665
1620
2912
629
149
1784
4547
1851
4077
3325
10349
2887
2587
5697
6103
4809
9452
3496
3250
10085
4041
10096
5860
10600
1170
7297
5645
6117
5909
2537
6868
80
3637
4622
6063
4171
5685
8716
1710
1416
7261
10560
4445
7308
6041
3316
9585
177
8502
6385
2262
4097
7710
4016
7316
5801
4524
1862
9585
4336
7772
624
9437
1369
3167
7116
7315
7140
1711
8221
3393
9519
2116
3861
9708
7090
1008
3646
9535
5904
2698
6250
1383
4709
483
10544
10010
7085
2675
8601
404
1149
8734
4701
10123
9111
472
3346
5452
9784
8664
1949
5955
3908
2028
6479
668
9206
5801
7060
3333
4942
4025
7571
8626
3994
3162
6812
3114
3721
1911
4825
2701
5801
9238
1244
8609
2393
728
7792
9014
2588
1589
6250
2905
2811
4334
3062
7867
7518
167
10225
6662
5937
9987
7331
5828
5860
4925
1999
3451
9585
3796
3104
4682
3017
2530
6992
3409
5091
7955
10115
5226
7065
4319
7431
8996
6417
9823
2281
1532
6225
4644
363
10125
9509
5771
7309
613
841
1092
187
2415
7895
682
223
2220
1658
4838
7518
6661
8804
10554
540
7737
2418
7866
5942
5248
4849
3800
8423
3123
4946
7925
7316
5801
4616
7692
3858
4146
7316
5801
5703
8273
753
7861
3692
3212
6322
345
3304
3572
9791
10235
392
2664
4077
3824
4182
2864
2317
1559
4043
788
2624
1557
1748
5091
9027
9396
7396
4172
5226
7711
7171
6250
5294
4896
1041
3010
3162
4754
6744
1101
9293
10296
10518
3221
8316
5934
8297
4939
3107
5935
6123
337
7006
4782
2792
1479
2248
9764
5685
8451
1479
8958
1158
5932
3614
1479
6701
5459
1979
7466
9077
2418
10104
7788
6785
5977
10413
4546
8198
7712
9518
5921
8678
3827
10119
2565
6237
4095
4413
4677
5935
140
636
5487
4694
3517
1883
6250
7746
4789
7781
1369
4422
6994
9316
5990
2293
2723
5316
826
2678
2317
8952
5064
3270
9911
2486
6088
7469
6724
8912
9715
558
1520
6892
10529
5316
9146
6203
10374
7362
9439
735
10428
1680
5775
7310
7551
7427
2094
9632
8391
5343
10303
9345
6706
6676
6186
1300
1686
6015
9752
9341
1645
7131
8506
6322
2916
6898
2960
6834
5373
2912
7820
1410
3541
1685
1958
7517
2822
10066
1681
6673
3044
9673
10543
3644
704
6322
3418
6180
3505
7752
6316
1298
4469
9718
5793
8179
9114
5885
7084
5765
4797
5792
10296
5347
2175
7318
1462
377
10489
10594
2025
6101
1114
2087
7509
5924
4135
1218
5860
346
7541
2784
8378
1358
7316
5801
407
2998
602
8527
5194
414
4878
7843
5350
3924
7215
270
3442
3639
6662
618
5788
1890
3978
2191
9426
10296
5347
8192
9931
2539
5651
7139
9421
6610
4931
7774
2167
6316
3476
4799
8052
2404
2904
10590
7164
5091
4713
5177
9176
6739
4968
3004
7569
10541
6510
3540
9062
5487
7669
5621
889
2085
77
1818
7847
5226
10229
9465
5487
5183
5801
6590
7298
255
4317
2059
5091
9844
6981
996
8153
961
7452
4596
10325
3916
6431
9145
4117
9927
3944
4637
2406
6375
1977
6710
4825
1974
6547
110
9121
5216
9179
3542
4983
7429
8512
367
2651
5782
4701
3371
3423
758
9005
9378
10034
6270
7518
8150
434
6186
1879
8059
10470
4201
8153
4722
1736
7837
4879
2317
8952
6194
2272
5096
890
6563
8265
8826
8194
4898
3120
4826
9993
175
10098
5801
3151
3704
8636
8409
1426
6395
9213
4644
6890
5173
3269
8557
3144
248
4035
4998
5226
1201
10145
2389
1721
3429
4382
3967
5789
9076
1501
4683
7416
8789
854
7421
4017
3997
8710
8735
7802
5968
745
2681
3962
6700
2669
9243
96
10216
1624
3337
5901
5008
4700
9118
3246
6915
3176
6862
3978
4837
10249
6757
674
3171
5316
4197
4540
1092
3570
290
1571
10146
6678
8153
4475
4872
3300
6074
3337
4550
5674
4644
6824
8424
1777
9954
4904
1389
5912
8364
5368
5939
5735
153
7870
7253
8615
1320
3938
1045
5542
1222
8270
1804
192
3208
2992
2770
1856
7356
7874
3705
4952
4445
6838
7704
8199
1181
6905
9073
4412
2149
6319
6943
3978
4466
5849
6489
7090
10060
10442
1031
8761
5920
1600
326
2523
6035
414
3414
9174
4507
4987
2634
7518
9834
2568
1945
8013
5344
2804
4792
4139
9954
3122
7284
10291
385
4486
2389
1721
3186
50
3082
10492
7988
9026
6915
8535
10569
7703
250
6504
683
1447
5935
1364
10092
3978
665
10573
6959
7933
7316
5801
2363
7679
7118
2638
9718
10552
7782
9577
10296
5347
264
1178
4780
3231
217
5909
774
4428
1943
8787
151
6919
4970
9598
1579
59
882
9439
2370
5074
2168
8369
7518
9704
8114
7891
6069
3250
5802
1214
706
6044
8887
6505
8275
2307
5860
1898
3041
7502
9360
8742
5316
7083
5203
7793
4121
4426
5922
5757
3033
1186
5859
9484
6786
1881
3594
3387
2823
8766
3387
216
9678
2366
4471
7966
647
1352
1122
4383
567
1034
6817
4731
8887
1948
5686
81
2920
30
8881
10413
8623
936
3044
55
6162
9670
9457
749
7518
458
7473
4369
1730
6411
5775
8501
4697
10279
3908
10419
4166
6156
7645
5209
9057
2405
7619
4920
5803
8861
2331
2383
1799
5577
8743
2470
354
3309
1628
4376
6042
7518
3703
4387
4999
1186
8038
5366
1419
9954
5400
7773
5638
10208
2912
3754
10272
10384
3217
10360
9281
9226
9724
4049
8395
5986
8737
4628
5774
9073
5871
9833
898
9881
8698
7316
5801
1348
9458
8704
1989
9468
5574
3527
6501
9191
7518
9834
4235
9439
304
9058
7568
5424
349
3080
3053
9365
2262
219
8697
2732
7082
1878
1908
9833
10119
1399
2160
6989
2081
1685
3329
310
10296
5347
1477
6551
7995
950
4394
7255
6619
8545
1711
10103
8301
2912
2185
2015
8187
6597
5609
10020
8350
4858
9489
5239
7280
6795
1319
523
5017
6470
2262
1239
4042
5368
3760
9819
875
3173
2918
10413
6407
6002
2948
899
5096
4988
8248
8265
3450
2780
9357
5505
10054
7151
8893
549
6942
6915
10131
1075
1078
1745
775
7529
7998
6764
6088
1456
7335
559
4598
2010
7529
1160
4516
6572
10430
5590
4983
7051
150
3220
3978
8750
7582
8523
667
8653
10413
5242
10258
7854
5860
3643
8700
444
6439
9567
