1311	3
0	863	171	0.12159646302461624	0.0019960079807788134	0.7071067811865475
1	725	367	0.0826718658208847	0.0019960079807788134	0.14907119849998599
2	75	777	0.28628093004226685	0.0019960079807788134	0.7071067811865475
3	597	630	0.3685290515422821	0.0019960079807788134	0.7071067811865475
4	833	33	0.6291569471359253	0.003992015961557627	0.19999999999999998
5	637	492	0.052049100399017334	0.003992015961557627	0.5
6	43	16	0.21553784608840942	0.0019960079807788134	0.5773502691896258
7	452	653	0.5282434821128845	0.007984031923115253	0.13608276348795434
8	543	222	0.33120474219322205	0.0019960079807788134	0.408248290463863
9	735	120	0.48259758949279785	0.10578842461109161	0.10206207261596577
10	836	203	0.3895614445209503	0.0019960079807788134	0.3162277660168379
11	592	803	0.3198292553424835	0.005988024175167084	0.18257418583505539
12	467	849	0.20938009023666382	0.0019960079807788134	0.7071067811865475
13	808	324	0.13409054279327393	0.113772451877594	0.14907119849998596
14	452	798	0.21674197912216187	0.007984031923115253	0.18257418583505539
15	513	13	0.24966022372245789	0.0019960079807788134	0.2886751345948129
16	255	673	0.5453779101371765	0.06586826592683792	0.08451542547285167
17	701	769	0.48773542046546936	0.0	0.5773502691896258
18	191	173	0.6561211943626404	0.003992015961557627	0.2886751345948129
19	375	327	0.2905929684638977	0.269461065530777	0.09901475429766744
20	753	185	0.090175561606884	0.2235528975725174	0.1543033499620919
21	115	9	0.13892675936222076	0.0019960079807788134	0.5773502691896258
22	761	771	0.15754114091396332	0.0019960079807788134	0.13363062095621217
23	462	10	0.13932068645954132	0.011976048350334167	0.07905694150420949
24	631	263	0.315775066614151	0.0019960079807788134	0.35355339059327373
25	174	603	0.051869504153728485	0.0019960079807788134	0.2886751345948129
26	76	546	0.31069594621658325	0.049900200217962265	0.14285714285714288
27	789	832	0.4487876892089844	0.013972056098282337	0.1259881576697424
28	739	765	0.2613019645214081	0.003992015961557627	0.25819888974716115
29	333	65	0.36057427525520325	0.003992015961557627	0.7071067811865475
30	702	594	0.15615887939929962	0.0019960079807788134	0.5773502691896258
31	321	487	0.5715367794036865	0.027944112196564674	0.13363062095621217
32	249	673	0.3898513615131378	0.0019960079807788134	0.1889822365046136
33	666	270	0.389676034450531	0.0019960079807788134	0.5773502691896258
34	421	524	0.1164737194776535	0.0	0.5773502691896258
35	696	505	0.5608347654342651	0.0019960079807788134	0.5773502691896258
36	179	480	0.11477594822645187	0.0	0.5
37	590	600	0.24658766388893127	0.049900200217962265	0.12309149097933275
38	475	563	0.1543281525373459	0.003992015961557627	0.4082482904638631
39	226	520	0.43683502078056335	0.011976048350334167	0.2357022603955159
40	904	847	0.01221680548042059	0.0019960079807788134	0.7071067811865475
41	57	239	0.3465469777584076	0.0019960079807788134	0.3333333333333334
42	795	468	0.2667202651500702	0.0	0.14433756729740646
43	562	461	0.04031052440404892	0.0	0.05923488777590924
44	516	182	0.11100804060697556	0.009980039671063423	0.1690308509457033
45	300	530	0.3465118706226349	0.0019960079807788134	0.20412414523193154
46	356	230	0.1595696657896042	0.0	0.35355339059327373
47	827	262	0.9974201321601868	0.007984031923115253	0.1690308509457033
48	686	126	0.5874241590499878	0.003992015961557627	0.5773502691896258
49	224	397	0.2889025807380676	0.0019960079807788134	0.35355339059327373
50	17	403	0.34228765964508057	0.0019960079807788134	0.5773502691896258
51	799	617	0.08127091079950333	0.031936127692461014	0.1666666666666667
52	353	369	0.7377991676330566	0.0019960079807788134	0.5
53	475	297	0.23614506423473358	0.003992015961557627	0.2886751345948129
54	820	69	0.17618124186992645	0.0	0.5
55	673	414	0.20324218273162842	0.0019960079807788134	0.1336306209562122
56	651	465	0.09463663399219513	0.0019960079807788134	0.2886751345948129
57	697	312	0.2349114865064621	0.009980039671063423	0.22360679774997896
58	715	818	0.20342814922332764	0.003992015961557627	0.35355339059327373
59	113	514	0.12478107959032059	0.041916169226169586	0.1666666666666667
60	633	375	0.017528962343931198	0.015968063846230507	0.09166984970282112
61	749	319	0.46841204166412354	0.2215568870306015	0.1336306209562122
62	877	587	0.20429573953151703	0.015968063846230507	0.1259881576697424
63	144	899	0.06458880007266998	0.0019960079807788134	0.14433756729740646
64	707	674	0.24006152153015137	0.003992015961557627	0.408248290463863
65	190	726	0.7047796249389648	0.007984031923115253	0.10482848367219183
66	234	75	0.11925028264522552	0.0019960079807788134	0.21320071635561041
67	889	287	0.13997380435466766	0.013972056098282337	0.11952286093343936
68	499	802	0.36860835552215576	0.0019960079807788134	0.2886751345948129
69	755	828	1.0	0.0	0.4472135954999579
70	882	734	0.07464461028575897	0.0019960079807788134	0.408248290463863
71	528	753	0.04483781009912491	0.9920159578323364	0.1690308509457033
72	229	130	0.2762037515640259	0.011976048350334167	0.17677669529663687
73	176	604	0.30181238055229187	0.0019960079807788134	0.2886751345948129
74	615	555	0.15866439044475555	0.0019960079807788134	0.3162277660168379
75	418	129	0.3988967537879944	0.019960079342126846	0.2886751345948129
76	631	211	0.44152575731277466	0.0	0.35355339059327373
77	543	784	0.40262848138809204	0.0019960079807788134	0.5773502691896258
78	462	107	0.19374550879001617	0.10778442770242691	0.1336306209562122
79	184	109	0.03020627610385418	0.0019960079807788134	0.35355339059327373
80	518	7	0.5980081558227539	0.0019960079807788134	0.5
81	568	151	0.3478337824344635	0.003992015961557627	0.3779644730092272
82	824	756	0.061054252088069916	0.0019960079807788134	0.5773502691896258
83	240	479	0.9990766644477844	0.01796407252550125	0.14433756729740646
84	155	586	0.16745606064796448	0.0019960079807788134	0.12909944487358058
85	49	579	0.1089637354016304	0.0019960079807788134	0.5773502691896258
86	520	349	0.6194630265235901	0.0019960079807788134	0.5773502691896258
87	499	530	0.27956387400627136	0.0	0.25
88	234	325	0.25684529542922974	0.0019960079807788134	0.30151134457776363
89	93	217	0.2939528226852417	0.0019960079807788134	0.20412414523193154
90	742	262	0.03952793404459953	0.0019960079807788134	0.26726124191242434
91	186	522	0.296874076128006	0.0019960079807788134	0.7071067811865475
92	740	621	0.20318064093589783	0.0	0.2886751345948129
93	342	464	0.3861122727394104	0.01796407252550125	0.12309149097933275
94	600	725	0.13689635694026947	0.01796407252550125	0.17407765595569785
95	561	790	0.23573483526706696	0.0019960079807788134	0.5773502691896258
96	255	819	0.3435809016227722	0.06187624856829643	0.1414213562373095
97	486	891	0.39345481991767883	0.0019960079807788134	0.35355339059327373
98	590	177	0.2530477046966553	0.06187624856829643	0.1543033499620919
99	822	827	0.0983113944530487	0.007984031923115253	0.14907119849998596
100	475	836	0.699321448802948	0.0	0.18257418583505539
101	98	837	0.14738215506076813	0.0019960079807788134	0.1889822365046136
102	433	814	0.30359962582588196	0.0019960079807788134	0.3779644730092272
103	256	682	0.040195953100919724	0.003992015961557627	0.2886751345948129
104	485	865	0.43627867102622986	0.0	0.7071067811865475
105	808	382	0.03819514065980911	0.2255489081144333	0.14907119849998596
106	541	782	0.10092718154191971	0.0019960079807788134	0.5773502691896258
107	536	745	0.9999476671218872	0.003992015961557627	0.2886751345948129
108	590	887	0.3895014822483063	0.04790419340133667	0.1543033499620919
109	832	737	0.13216419517993927	0.0	0.13363062095621217
110	82	367	0.1785714477300644	0.007984031923115253	0.10540925533894598
111	562	611	0.6758773922920227	0.0019960079807788134	0.3162277660168379
112	599	36	0.02796739898622036	0.0019960079807788134	0.3779644730092272
113	461	749	0.41487860679626465	0.6027944087982178	0.033113308926626096
114	651	99	0.10079406201839447	0.0	0.4082482904638631
115	887	86	0.48697540163993835	0.009980039671063423	0.1889822365046136
116	336	773	0.23913908004760742	0.0019960079807788134	0.408248290463863
117	433	553	0.0718027800321579	0.0	0.26726124191242434
118	184	545	0.20622995495796204	0.005988024175167084	0.5
119	8	535	0.5333844423294067	0.005988024175167084	0.20412414523193154
120	749	462	0.307514488697052	0.11976047605276108	0.125
121	627	719	0.24935860931873322	0.0019960079807788134	0.7071067811865475
122	352	410	0.17001208662986755	0.0019960079807788134	0.5
123	629	417	0.3944489359855652	0.0019960079807788134	0.35355339059327373
124	319	749	0.46841204166412354	0.007984031923115253	0.1336306209562122
125	586	884	0.22528491914272308	0.007984031923115253	0.1825741858350554
126	257	287	0.207916721701622	0.0019960079807788134	0.22360679774997896
127	717	461	0.08854130655527115	0.0019960079807788134	0.06622661785325219
128	590	240	0.4976932406425476	0.05189620703458786	0.20412414523193154
129	212	132	0.2729206681251526	0.003992015961557627	0.1825741858350554
130	617	536	0.35076794028282166	0.011976048350334167	0.20412414523193154
131	107	76	0.1844421774148941	0.071856290102005	0.14285714285714288
132	238	582	0.17402496933937073	0.009980039671063423	0.18257418583505539
133	363	600	0.28910714387893677	0.005988024175167084	0.15075567228888181
134	412	398	0.8026703596115112	0.0	0.7071067811865475
135	873	347	0.6932089328765869	0.009980039671063423	0.14285714285714282
136	897	509	0.306672066450119	0.0019960079807788134	0.7071067811865475
137	47	15	0.16828428208827972	0.0019960079807788134	0.5773502691896258
138	460	673	0.3330792784690857	0.003992015961557627	0.1336306209562122
139	0	22	0.08228476345539093	0.0019960079807788134	0.3779644730092272
140	667	850	0.03740384429693222	0.0019960079807788134	0.7071067811865475
141	848	373	0.8351011276245117	0.0	0.4472135954999579
142	747	537	0.5447551012039185	0.0	0.3162277660168379
143	854	665	0.19717271625995636	0.0019960079807788134	0.1690308509457033
144	248	557	0.05394473671913147	0.0019960079807788134	0.2886751345948129
145	535	395	0.28034377098083496	0.0019960079807788134	0.5
146	86	479	0.547417938709259	0.0	0.14433756729740646
147	472	188	0.5239176750183105	0.0019960079807788134	0.5773502691896258
148	347	609	0.30231034755706787	0.003992015961557627	0.2182178902359924
149	185	592	0.04441611096262932	0.04790419340133667	0.1666666666666667
150	76	735	0.06820672005414963	0.04391217604279518	0.1336306209562122
151	181	316	0.09483560174703598	0.003992015961557627	0.35355339059327373
152	112	531	0.09434559941291809	0.0019960079807788134	0.3162277660168379
153	113	191	0.30521827936172485	0.0379241518676281	0.1666666666666667
154	385	461	0.02279287576675415	0.0019960079807788134	0.07647191129018727
155	255	296	0.7073510885238647	0.10379241406917572	0.10540925533894598
156	562	172	0.21740923821926117	0.0019960079807788134	0.3162277660168379
157	740	324	0.2231951504945755	0.005988024175167084	0.13608276348795434
158	645	204	0.2768389582633972	0.0019960079807788134	0.408248290463863
159	310	730	0.3947824537754059	0.0019960079807788134	0.4472135954999579
160	911	505	1.0	0.003992015961557627	0.2886751345948129
161	140	437	0.5245561599731445	0.007984031923115253	0.25819888974716115
162	10	668	0.34715405106544495	0.003992015961557627	0.1825741858350554
163	546	668	0.5911760926246643	0.019960079342126846	0.15430334996209194
164	346	405	0.4313625693321228	0.0	0.7071067811865475
165	556	350	1.0	0.0019960079807788134	0.5773502691896258
166	33	419	0.04868646338582039	0.0019960079807788134	0.4472135954999579
167	427	623	0.10829207301139832	0.0019960079807788134	0.5773502691896258
168	353	2	0.09934356808662415	0.003992015961557627	0.5
169	18	698	0.42112958431243896	0.0019960079807788134	0.35355339059327373
170	319	140	0.0356171652674675	0.06187624856829643	0.11952286093343936
171	554	196	0.5131887197494507	0.0019960079807788134	0.408248290463863
172	356	78	0.10657717287540436	0.005988024175167084	0.35355339059327373
173	420	646	0.6380886435508728	0.01796407252550125	0.15811388300841897
174	76	292	0.44505688548088074	0.003992015961557627	0.1336306209562122
175	13	187	0.15806078910827637	0.0019960079807788134	0.7071067811865475
176	50	111	0.3511711359024048	0.0019960079807788134	0.7071067811865475
177	839	287	0.11650684475898743	0.02195608802139759	0.12909944487358058
178	377	586	0.10751773416996002	0.0019960079807788134	0.12909944487358058
179	582	842	0.10360265523195267	0.0019960079807788134	0.25819888974716115
180	255	367	0.2852444350719452	0.05988023802638054	0.0816496580927726
181	324	334	0.41359204053878784	0.0	0.3333333333333333
182	477	233	0.5037193298339844	0.003992015961557627	0.3162277660168379
183	240	840	0.6927486062049866	0.02195608802139759	0.1889822365046136
184	329	743	0.0794619619846344	0.019960079342126846	0.1543033499620919
185	262	660	0.12356684356927872	0.0019960079807788134	0.3779644730092272
186	525	3	0.12298841029405594	0.0	0.7071067811865475
187	487	715	0.4109697937965393	0.0019960079807788134	0.13363062095621217
188	726	4	0.9999918937683105	0.007984031923115253	0.11322770341445959
189	598	560	0.19526691734790802	0.013972056098282337	0.1666666666666667
190	281	490	0.42699769139289856	0.0	0.22360679774997896
191	809	102	0.1811358630657196	0.0019960079807788134	0.7071067811865475
192	735	10	0.0804973840713501	0.003992015961557627	0.07905694150420949
193	822	873	0.7708355188369751	0.007984031923115253	0.2519763153394848
194	193	74	0.21592649817466736	0.0019960079807788134	0.4082482904638631
195	615	251	0.3505009114742279	0.003992015961557627	0.3162277660168379
196	12	658	0.4057176411151886	0.0	0.5773502691896258
197	463	899	0.1207725778222084	0.013972056098282337	0.14433756729740646
198	761	586	0.0968056470155716	0.0019960079807788134	0.1091089451179962
199	191	219	0.6382849812507629	0.005988024175167084	0.2886751345948129
200	287	525	0.5796099901199341	0.005988024175167084	0.22360679774997896
201	483	95	0.031285688281059265	0.005988024175167084	0.2357022603955158
202	338	724	0.6001487374305725	0.0019960079807788134	0.4999999999999999
203	826	900	0.1886966973543167	0.0019960079807788134	0.4082482904638631
204	391	28	0.33963367342948914	0.0	0.25
205	516	906	0.09372434765100479	0.007984031923115253	0.11952286093343936
206	342	356	0.22820048034191132	0.009980039671063423	0.10660035817780521
207	217	71	0.648077666759491	0.0019960079807788134	0.2886751345948129
208	773	846	0.17751674354076385	0.0019960079807788134	0.7071067811865475
209	460	253	0.25994715094566345	0.0	0.5
210	358	667	0.43684542179107666	0.003992015961557627	0.408248290463863
211	810	404	1.0	0.0019960079807788134	0.408248290463863
212	145	387	0.3053220510482788	0.0019960079807788134	0.7071067811865475
213	646	909	0.10023301839828491	0.0019960079807788134	0.5
214	367	237	0.7539117932319641	0.09780438989400864	0.0975900072948533
215	281	503	0.4662109911441803	0.0019960079807788134	0.19999999999999998
216	479	363	0.5125765204429626	0.007984031923115253	0.14433756729740646
217	238	472	0.17057226598262787	0.009980039671063423	0.2357022603955159
218	578	580	0.20626895129680634	0.003992015961557627	0.35355339059327373
219	507	708	0.42551931738853455	0.0019960079807788134	0.2886751345948129
220	123	511	0.25908470153808594	0.0019960079807788134	0.4999999999999999
221	308	205	0.9994425177574158	0.0019960079807788134	0.5773502691896258
222	178	461	0.05387451872229576	0.0359281450510025	0.04682929057908469
223	884	461	0.06308595836162567	0.003992015961557627	0.041885390829169554
224	587	245	0.12121997028589249	0.005988024175167084	0.2182178902359924
225	819	513	0.9997873902320862	0.03393213450908661	0.18257418583505539
226	177	683	0.15460798144340515	0.009980039671063423	0.1543033499620919
227	837	461	0.04100675508379936	0.023952096700668335	0.05006261743217588
228	491	586	0.1405935287475586	0.013972056098282337	0.1091089451179962
229	418	889	0.5525498986244202	0.01796407252550125	0.1543033499620919
230	290	816	0.21464775502681732	0.0	0.7071067811865475
231	355	379	0.15598389506340027	0.0019960079807788134	0.35355339059327373
232	54	750	0.6285108327865601	0.1816367208957672	0.1889822365046136
233	842	692	0.14143848419189453	0.0	0.5773502691896258
234	175	222	0.3308345377445221	0.0	0.408248290463863
235	337	764	0.5416483879089355	0.0019960079807788134	0.4999999999999999
236	375	367	0.5553324818611145	0.27944111824035645	0.06262242910851494
237	807	29	0.6218426823616028	0.005988024175167084	0.26726124191242434
238	375	590	0.4629727900028229	0.27744510769844055	0.09901475429766744
239	154	680	0.032615598291158676	0.0019960079807788134	0.7071067811865475
240	546	107	0.49648281931877136	0.013972056098282337	0.14285714285714288
241	637	689	0.21169540286064148	0.0	0.5
242	379	355	0.15598389506340027	0.0019960079807788134	0.35355339059327373
243	347	822	0.8040760159492493	0.0019960079807788134	0.2519763153394848
244	716	399	0.07017063349485397	0.007984031923115253	0.2357022603955159
245	234	320	0.1365577131509781	0.003992015961557627	0.30151134457776363
246	606	743	0.06707345694303513	0.04790419340133667	0.1543033499620919
247	791	170	0.09649944305419922	0.0019960079807788134	0.7071067811865475
248	450	81	0.7212792038917542	0.0019960079807788134	0.35355339059327373
249	324	326	0.5444665551185608	0.031936127692461014	0.13608276348795434
250	326	296	0.4288896322250366	0.007984031923115253	0.13608276348795434
251	659	516	0.416841983795166	0.0019960079807788134	0.26726124191242434
252	547	669	0.4795296788215637	0.005988024175167084	0.26726124191242434
253	4	143	0.04136749356985092	0.0019960079807788134	0.20412414523193154
254	540	851	0.13767707347869873	0.0019960079807788134	0.5
255	269	554	0.06575314700603485	0.0019960079807788134	0.35355339059327373
256	432	308	0.11618870496749878	0.013972056098282337	0.2041241452319315
257	475	311	0.1632150262594223	0.0019960079807788134	0.1666666666666667
258	446	39	0.3940051794052124	0.0019960079807788134	0.7071067811865475
259	499	104	0.3823954463005066	0.003992015961557627	0.2886751345948129
260	86	893	0.30703917145729065	0.003992015961557627	0.22360679774997896
261	564	726	0.15488098561763763	0.003992015961557627	0.09805806756909201
262	298	242	0.2931104004383087	0.0	0.35355339059327373
263	0	268	0.19221153855323792	0.0019960079807788134	0.26726124191242434
264	503	864	0.06048954650759697	0.003992015961557627	0.3162277660168379
265	889	681	0.607681930065155	0.009980039671063423	0.1889822365046136
266	633	231	0.27398449182510376	0.015968063846230507	0.1889822365046136
267	229	329	0.10006308555603027	0.10778442770242691	0.13363062095621217
268	887	177	0.4890899360179901	0.005988024175167084	0.14285714285714282
269	726	481	0.288508802652359	0.011976048350334167	0.1386750490563073
270	811	52	0.22351305186748505	0.003992015961557627	0.21320071635561041
271	612	741	0.5258963108062744	0.013972056098282337	0.17677669529663687
272	514	97	0.575577437877655	0.003992015961557627	0.4082482904638631
273	561	446	0.32374781370162964	0.0019960079807788134	0.408248290463863
274	404	461	0.019896747544407845	0.0019960079807788134	0.09365858115816939
275	491	761	0.2978704571723938	0.005988024175167084	0.14285714285714282
276	375	461	0.06895589828491211	0.299401193857193	0.032124628310161774
277	827	443	0.033517152070999146	0.0019960079807788134	0.4472135954999579
278	640	461	0.057830821722745895	0.003992015961557627	0.06622661785325219
279	463	336	0.03981764242053032	0.011976048350334167	0.2357022603955159
280	416	640	0.4945671558380127	0.007984031923115253	0.1889822365046136
281	600	98	0.33680230379104614	0.009980039671063423	0.15075567228888181
282	657	105	0.24375492334365845	0.0019960079807788134	0.7071067811865475
283	541	880	0.33523520827293396	0.0019960079807788134	0.5773502691896258
284	744	612	0.382503479719162	0.003992015961557627	0.17677669529663687
285	519	633	0.01682475581765175	0.003992015961557627	0.2182178902359924
286	606	726	0.1971789002418518	0.0379241518676281	0.10482848367219183
287	601	264	0.10998042672872543	0.007984031923115253	0.18257418583505539
288	63	396	0.22175388038158417	0.0	0.5773502691896258
289	646	304	0.11530179530382156	0.0019960079807788134	0.5
290	824	274	0.03846577927470207	0.0	0.5773502691896258
291	820	362	0.13668043911457062	0.0019960079807788134	0.35355339059327373
292	296	431	0.05934986099600792	0.02594810351729393	0.14907119849998596
293	54	808	0.17345716059207916	0.5728542804718018	0.22360679774997896
294	854	284	0.0826970711350441	0.0019960079807788134	0.4472135954999579
295	457	79	0.049960944801568985	0.0019960079807788134	0.5
296	789	287	0.11206751316785812	0.007984031923115253	0.10540925533894598
297	487	564	0.5527035593986511	0.005988024175167084	0.13363062095621217
298	177	539	0.23297588527202606	0.009980039671063423	0.1690308509457033
299	567	156	0.4943816065788269	0.003992015961557627	0.5
300	185	463	0.5638469457626343	0.0379241518676281	0.1666666666666667
301	779	486	0.3126853406429291	0.007984031923115253	0.1889822365046136
302	839	28	0.19809964299201965	0.013972056098282337	0.20412414523193154
303	361	461	0.015021470375359058	0.0019960079807788134	0.07647191129018727
304	726	589	0.43979454040527344	0.005988024175167084	0.12403473458920845
305	513	599	0.04320300370454788	0.0019960079807788134	0.1543033499620919
306	437	84	0.7400875091552734	0.0019960079807788134	0.5773502691896258
307	203	220	1.0	0.0019960079807788134	0.7071067811865475
308	329	420	0.19647516310214996	0.027944112196564674	0.11952286093343936
309	713	163	0.4166702330112457	0.0019960079807788134	0.4999999999999999
310	300	367	0.596422016620636	0.0019960079807788134	0.10540925533894598
311	157	40	0.24226191639900208	0.0	0.4999999999999999
312	840	893	0.28237730264663696	0.0019960079807788134	0.1690308509457033
313	675	108	0.5796881914138794	0.0019960079807788134	0.2886751345948129
314	454	883	0.1995951235294342	0.0019960079807788134	0.5773502691896258
315	599	453	0.04578005522489548	0.003992015961557627	0.26726124191242434
316	175	543	0.9995148181915283	0.005988024175167084	0.3333333333333334
317	93	379	0.11895241588354111	0.007984031923115253	0.20412414523193154
318	651	389	0.12187442928552628	0.0019960079807788134	0.4082482904638631
319	739	198	0.2574085295200348	0.0	0.4472135954999579
320	294	360	0.32900717854499817	0.007984031923115253	0.35355339059327373
321	322	246	0.47797176241874695	0.0019960079807788134	0.24999999999999994
322	715	68	0.1832699328660965	0.0019960079807788134	0.35355339059327373
323	246	547	0.5387231111526489	0.011976048350334167	0.26726124191242434
324	539	566	0.4324849247932434	0.0019960079807788134	0.4472135954999579
325	115	461	0.022233499214053154	0.0	0.07647191129018727
326	653	342	0.32797977328300476	0.0019960079807788134	0.10050378152592121
327	210	844	1.0	0.0019960079807788134	0.5773502691896258
328	591	484	0.10411388427019119	0.0	0.7071067811865475
329	70	278	0.4827364981174469	0.0019960079807788134	0.7071067811865475
330	602	326	0.3464640974998474	0.003992015961557627	0.2886751345948129
331	392	511	0.25908470153808594	0.0019960079807788134	0.408248290463863
332	811	433	0.3437231481075287	0.003992015961557627	0.11396057645963795
333	609	568	0.18474119901657104	0.0019960079807788134	0.2182178902359924
334	353	815	0.022227734327316284	0.0019960079807788134	0.35355339059327373
335	598	887	0.21339672803878784	0.011976048350334167	0.1543033499620919
336	463	322	0.1267068088054657	0.0019960079807788134	0.2886751345948129
337	749	76	0.2213079184293747	0.19960080087184906	0.1336306209562122
338	104	413	0.19368422031402588	0.0019960079807788134	0.5773502691896258
339	225	713	0.25802698731422424	0.0019960079807788134	0.35355339059327373
340	540	48	0.07914874702692032	0.0	0.35355339059327373
341	390	26	0.07159066200256348	0.0019960079807788134	0.35355339059327373
342	498	166	1.0	0.0019960079807788134	0.408248290463863
343	235	683	1.0	0.0019960079807788134	0.2886751345948129
344	285	747	0.3472585082054138	0.0	0.22360679774997896
345	343	774	0.12867163121700287	0.0019960079807788134	0.5
346	560	356	0.18960951268672943	0.0	0.14433756729740646
347	871	208	0.03318748250603676	0.0019960079807788134	0.7071067811865475
348	749	10	0.3177465796470642	0.011976048350334167	0.07905694150420949
349	432	477	0.510779619216919	0.013972056098282337	0.15811388300841894
350	49	335	0.19361092150211334	0.0	0.5773502691896258
351	697	461	0.012281576171517372	0.019960079342126846	0.05923488777590924
352	4	234	0.3208789825439453	0.0019960079807788134	0.12309149097933275
353	107	735	0.14065037667751312	0.053892213851213455	0.1336306209562122
354	454	408	1.0	0.0019960079807788134	0.25819888974716115
355	174	73	0.0735112652182579	0.0019960079807788134	0.25819888974716115
356	481	234	0.19501380622386932	0.0019960079807788134	0.15075567228888181
357	269	897	0.05857182666659355	0.003992015961557627	0.35355339059327373
358	739	833	0.17606575787067413	0.0019960079807788134	0.19999999999999998
359	601	578	0.318175733089447	0.009980039671063423	0.20412414523193154
360	159	25	0.34255483746528625	0.0019960079807788134	0.5773502691896258
361	23	290	0.28692689538002014	0.0	0.35355339059327373
362	18	603	0.0407242588698864	0.0	0.25
363	72	603	0.04363778233528137	0.0019960079807788134	0.25
364	122	751	0.21335247159004211	0.0019960079807788134	0.7071067811865475
365	822	183	0.8179341554641724	0.0019960079807788134	0.3333333333333333
366	418	17	0.07975699007511139	0.011976048350334167	0.2357022603955159
367	367	418	0.6288740038871765	0.10179640352725983	0.10540925533894598
368	343	691	0.49511435627937317	0.0019960079807788134	0.5
369	377	626	0.5767636895179749	0.0019960079807788134	0.3162277660168379
370	491	416	0.6431668400764465	0.011976048350334167	0.28571428571428564
371	94	273	0.38661548495292664	0.0019960079807788134	0.7071067811865475
372	639	714	0.6873893141746521	0.0019960079807788134	0.2886751345948129
373	448	80	0.14290450513362885	0.0019960079807788134	0.22360679774997896
374	76	749	0.2213079184293747	0.04391217604279518	0.1336306209562122
375	418	807	0.050783347338438034	0.013972056098282337	0.1543033499620919
376	707	467	0.21360735595226288	0.0019960079807788134	0.408248290463863
377	191	202	0.723865807056427	0.011976048350334167	0.18257418583505539
378	72	38	0.2179274708032608	0.0019960079807788134	0.35355339059327373
379	837	375	0.5181150436401367	0.019960079342126846	0.09166984970282112
380	529	385	0.2578344941139221	0.0019960079807788134	0.2886751345948129
381	129	848	0.32708939909935	0.005988024175167084	0.3162277660168379
382	120	338	0.1145748496055603	0.013972056098282337	0.2886751345948129
383	600	459	0.20821534097194672	0.007984031923115253	0.17407765595569785
384	838	888	0.16186504065990448	0.0019960079807788134	0.7071067811865475
385	750	432	0.11923959851264954	0.05189620703458786	0.13363062095621217
386	212	42	0.33341699838638306	0.0	0.31622776601683794
387	673	712	0.025613795965909958	0.013972056098282337	0.1336306209562122
388	651	428	0.20412036776542664	0.003992015961557627	0.2886751345948129
389	326	819	0.13496969640254974	0.0019960079807788134	0.18257418583505539
390	176	708	0.3471777141094208	0.0019960079807788134	0.2357022603955159
391	798	737	0.21713297069072723	0.003992015961557627	0.15811388300841894
392	483	737	0.31832441687583923	0.013972056098282337	0.1178511301977579
393	202	429	0.4905623495578766	0.003992015961557627	0.4472135954999579
394	617	894	0.03619391843676567	0.003992015961557627	0.2886751345948129
395	287	494	0.4180527329444885	0.0019960079807788134	0.31622776601683794
396	505	696	0.5608347654342651	0.0019960079807788134	0.5773502691896258
397	449	58	0.15307557582855225	0.0019960079807788134	0.35355339059327373
398	382	789	0.32484379410743713	0.06986027956008911	0.2222222222222222
399	367	889	0.6463356614112854	0.08183632791042328	0.0975900072948533
400	580	246	0.14238788187503815	0.0019960079807788134	0.24999999999999994
401	836	665	0.16940937936306	0.0019960079807788134	0.1690308509457033
402	468	374	0.6622090339660645	0.007984031923115253	0.2041241452319315
403	234	855	0.20234958827495575	0.0019960079807788134	0.30151134457776363
404	598	483	0.2698782980442047	0.023952096700668335	0.13608276348795434
405	457	100	0.08662828803062439	0.0019960079807788134	0.35355339059327373
406	583	44	0.37049150466918945	0.0019960079807788134	0.4472135954999579
407	212	246	0.47801947593688965	0.007984031923115253	0.22360679774997896
408	807	317	0.1943625807762146	0.0019960079807788134	0.2182178902359924
409	603	775	0.5792725086212158	0.0	0.5
410	852	401	0.032551199197769165	0.0019960079807788134	0.7071067811865475
411	540	706	0.29425597190856934	0.0019960079807788134	0.5
412	612	573	0.49963048100471497	0.015968063846230507	0.2041241452319315
413	310	879	0.10981317609548569	0.0	0.4472135954999579
414	840	479	0.6907954812049866	0.003992015961557627	0.2182178902359924
415	578	685	0.352137953042984	0.0019960079807788134	0.5
416	571	37	0.048992715775966644	0.0019960079807788134	0.7071067811865475
417	312	838	0.4186275005340576	0.005988024175167084	0.35355339059327373
418	670	337	0.47137781977653503	0.0019960079807788134	0.26726124191242434
419	324	877	0.36359110474586487	0.023952096700668335	0.2222222222222222
420	520	266	0.4143953323364258	0.003992015961557627	0.408248290463863
421	506	624	0.1739298701286316	0.0019960079807788134	0.7071067811865475
422	104	282	0.25276896357536316	0.0019960079807788134	0.5773502691896258
423	789	468	0.20776797831058502	0.023952096700668335	0.1178511301977579
424	457	882	0.09838582575321198	0.0019960079807788134	0.35355339059327373
425	899	246	0.3576973080635071	0.027944112196564674	0.12499999999999997
426	374	862	0.31352323293685913	0.0	0.5773502691896258
427	564	329	0.12877964973449707	0.0019960079807788134	0.13363062095621217
428	482	445	0.5592974424362183	0.0	0.7071067811865475
429	807	710	0.3540564477443695	0.0019960079807788134	0.3779644730092272
430	833	787	0.10044630616903305	0.005988024175167084	0.4472135954999579
431	560	649	0.4364394545555115	0.003992015961557627	0.2886751345948129
432	109	766	0.37340715527534485	0.0019960079807788134	0.7071067811865475
433	379	359	0.3499760031700134	0.0019960079807788134	0.5
434	209	119	0.6601038575172424	0.0	0.7071067811865475
435	354	424	0.22523252665996552	0.003992015961557627	0.5773502691896258
436	535	858	0.5226969122886658	0.0019960079807788134	0.5
437	799	884	0.1597079485654831	0.0359281450510025	0.12909944487358058
438	583	676	0.48597705364227295	0.0	0.4472135954999579
439	393	461	0.01465086080133915	0.007984031923115253	0.054073807043587524
440	92	341	0.43258148431777954	0.0019960079807788134	0.7071067811865475
441	238	461	0.02852948009967804	0.007984031923115253	0.054073807043587524
442	839	311	0.07587862759828568	0.011976048350334167	0.1666666666666667
443	529	442	0.03851732984185219	0.0019960079807788134	0.5
444	845	131	0.6207699179649353	0.0019960079807788134	0.7071067811865475
445	573	793	0.457755982875824	0.003992015961557627	0.5773502691896258
446	735	749	0.30892297625541687	0.16367265582084656	0.125
447	287	574	0.5501896142959595	0.007984031923115253	0.15811388300841897
448	239	820	0.6784418225288391	0.0019960079807788134	0.2886751345948129
449	574	565	0.4836638271808624	0.0019960079807788134	0.5
450	877	375	0.15004251897335052	0.015968063846230507	0.08084520834544431
451	557	265	0.11613494157791138	0.003992015961557627	0.4082482904638631
452	586	631	0.28048786520957947	0.013972056098282337	0.14433756729740646
453	884	645	0.4312283992767334	0.005988024175167084	0.1825741858350554
454	201	96	0.1159171462059021	0.0	0.3162277660168379
455	251	649	1.0	0.0019960079807788134	0.4999999999999999
456	519	783	0.17734269797801971	0.0019960079807788134	0.408248290463863
457	735	76	0.06820672005414963	0.04391217604279518	0.1336306209562122
458	352	752	0.22818094491958618	0.0019960079807788134	0.5
459	233	644	0.17547225952148438	0.0019960079807788134	0.7071067811865475
460	675	721	0.5368078351020813	0.0019960079807788134	0.2886751345948129
461	531	878	0.26521754264831543	0.0019960079807788134	0.7071067811865475
462	493	487	0.5106817483901978	0.003992015961557627	0.28571428571428564
463	228	267	0.42584407329559326	0.0019960079807788134	0.7071067811865475
464	368	834	0.5169791579246521	0.0019960079807788134	0.7071067811865475
465	600	31	0.31743302941322327	0.011976048350334167	0.15075567228888181
466	652	892	0.03575597330927849	0.0019960079807788134	0.4472135954999579
467	319	735	0.15572048723697662	0.02994011901319027	0.1336306209562122
468	311	461	0.05848966911435127	0.0019960079807788134	0.054073807043587524
469	848	232	0.16679881513118744	0.0	0.4472135954999579
470	753	178	0.07760363817214966	0.15968063473701477	0.13363062095621217
471	569	116	0.5119919180870056	0.0019960079807788134	0.5
472	391	539	0.19338832795619965	0.0019960079807788134	0.22360679774997896
473	317	753	0.1198384240269661	0.0019960079807788134	0.2182178902359924
474	875	345	0.18161159753799438	0.0019960079807788134	0.4472135954999579
475	452	461	0.052170172333717346	0.007984031923115253	0.054073807043587524
476	76	319	0.2354831099510193	0.04790419340133667	0.14285714285714288
477	673	652	0.16844984889030457	0.013972056098282337	0.11952286093343936
478	560	670	0.12973535060882568	0.003992015961557627	0.1543033499620919
479	712	61	0.36916014552116394	0.0019960079807788134	0.5
480	327	527	0.21245644986629486	0.05588822439312935	0.1666666666666667
481	894	521	1.0	0.003992015961557627	0.4999999999999999
482	399	59	0.02426077052950859	0.0019960079807788134	0.5773502691896258
483	826	506	0.37673577666282654	0.003992015961557627	0.2886751345948129
484	113	873	0.1377197653055191	0.0359281450510025	0.1543033499620919
485	736	886	0.1574925035238266	0.0019960079807788134	0.7071067811865475
486	237	469	0.06864852458238602	0.019960079342126846	0.1889822365046136
487	120	269	0.050096459686756134	0.011976048350334167	0.20412414523193154
488	604	214	0.6508021354675293	0.0019960079807788134	0.7071067811865475
489	873	906	0.09843205660581589	0.003992015961557627	0.11952286093343936
490	606	190	0.22250601649284363	0.031936127692461014	0.14285714285714282
491	229	367	0.10316108912229538	0.09980040043592453	0.09128709291752767
492	385	608	0.24127155542373657	0.0	0.5773502691896258
493	799	178	0.35656294226646423	0.0359281450510025	0.14433756729740646
494	726	143	0.04138271138072014	0.009980039671063423	0.1386750490563073
495	256	568	0.18810848891735077	0.0	0.1543033499620919
496	402	874	0.11898710578680038	0.0019960079807788134	0.7071067811865475
497	721	146	0.36100855469703674	0.0019960079807788134	0.7071067811865475
498	668	746	0.13536351919174194	0.005988024175167084	0.5773502691896258
499	493	564	0.7805227041244507	0.0019960079807788134	0.13363062095621217
500	321	715	0.5350137948989868	0.023952096700668335	0.12499999999999997
501	817	435	0.9986474514007568	0.0019960079807788134	0.7071067811865475
502	382	366	0.3020898699760437	0.07984031736850739	0.1259881576697424
503	837	366	0.4777390658855438	0.023952096700668335	0.14285714285714282
504	329	726	0.3499423563480377	0.01796407252550125	0.10482848367219183
505	407	854	0.22506332397460938	0.02195608802139759	0.18257418583505539
506	899	547	0.24725133180618286	0.02594810351729393	0.13363062095621217
507	722	559	0.4676993489265442	0.0	0.7071067811865475
508	483	315	0.27519118785858154	0.005988024175167084	0.2357022603955158
509	873	827	0.1190408244729042	0.007984031923115253	0.1690308509457033
510	82	653	0.2616465091705322	0.003992015961557627	0.13608276348795434
511	548	705	0.3881036341190338	0.0019960079807788134	0.7071067811865475
512	662	726	0.4267030656337738	0.0019960079807788134	0.1386750490563073
513	765	243	0.2538732588291168	0.0019960079807788134	0.5773502691896258
514	564	375	0.4705889821052551	0.003992015961557627	0.08574929257125441
515	313	695	0.6205569505691528	0.0019960079807788134	0.5
516	199	19	0.5670501589775085	0.0	0.7071067811865475
517	461	462	0.169027179479599	0.30738523602485657	0.033113308926626096
518	822	906	0.1593439280986786	0.013972056098282337	0.10540925533894598
519	646	24	0.2739716172218323	0.0019960079807788134	0.5
520	527	275	0.24508367478847504	0.0019960079807788134	0.2886751345948129
521	781	518	0.14901047945022583	0.0	0.2886751345948129
522	601	181	0.1086166724562645	0.007984031923115253	0.20412414523193154
523	578	376	0.11546804010868073	0.0019960079807788134	0.35355339059327373
524	287	843	0.4651833474636078	0.005988024175167084	0.22360679774997896
525	771	857	0.4925086498260498	0.003992015961557627	0.24999999999999994
526	82	0	0.0853516161441803	0.009980039671063423	0.1543033499620919
527	477	302	0.35269302129745483	0.0	0.3162277660168379
528	599	871	0.09085459262132645	0.003992015961557627	0.26726124191242434
529	355	213	0.5115483999252319	0.0019960079807788134	0.15811388300841894
530	414	346	0.29219624400138855	0.0	0.35355339059327373
531	281	62	0.2411383092403412	0.0019960079807788134	0.22360679774997896
532	507	728	0.21558761596679688	0.0019960079807788134	0.5
533	798	192	0.3506579101085663	0.003992015961557627	0.3162277660168379
534	827	634	0.7242293357849121	0.0	0.3162277660168379
535	469	158	0.3832435607910156	0.005988024175167084	0.35355339059327373
536	238	503	0.6160346865653992	0.007984031923115253	0.18257418583505539
537	652	770	0.06777729839086533	0.0019960079807788134	0.3162277660168379
538	753	799	0.10935930162668228	0.2215568870306015	0.1543033499620919
539	31	394	0.3100859224796295	0.0019960079807788134	0.35355339059327373
540	310	632	0.6723921298980713	0.0019960079807788134	0.3162277660168379
541	729	390	0.5555569529533386	0.005988024175167084	0.20412414523193154
542	761	659	0.3688802719116211	0.003992015961557627	0.26726124191242434
543	285	461	0.017782147973775864	0.0019960079807788134	0.06622661785325219
544	372	622	0.09054911136627197	0.0	0.5773502691896258
545	63	797	0.561930775642395	0.0	0.5773502691896258
546	416	377	0.37127333879470825	0.009980039671063423	0.1690308509457033
547	211	512	0.2960614562034607	0.0	0.7071067811865475
548	741	210	0.20423170924186707	0.003992015961557627	0.2886751345948129
549	213	228	0.14497175812721252	0.005988024175167084	0.3162277660168379
550	868	226	0.03222351893782616	0.05988023802638054	0.18257418583505539
551	177	518	0.39571812748908997	0.009980039671063423	0.1889822365046136
552	229	831	0.227812260389328	0.12175648659467697	0.3162277660168379
553	193	510	0.056568361818790436	0.0	0.4082482904638631
554	515	451	0.5052366852760315	0.0019960079807788134	0.2886751345948129
555	765	476	0.24713248014450073	0.0019960079807788134	0.5773502691896258
556	140	638	0.1833922117948532	0.0019960079807788134	0.25819888974716115
557	808	750	0.11830507963895798	0.11776447296142578	0.1690308509457033
558	884	586	0.22528491914272308	0.007984031923115253	0.1825741858350554
559	416	193	0.23850800096988678	0.015968063846230507	0.1543033499620919
560	848	351	0.08741810917854309	0.0019960079807788134	0.4472135954999579
561	269	616	0.04407341778278351	0.0019960079807788134	0.5
562	807	402	0.28293347358703613	0.003992015961557627	0.26726124191242434
563	887	479	0.54632568359375	0.011976048350334167	0.1091089451179962
564	546	735	0.1698828637599945	0.009980039671063423	0.1336306209562122
565	392	123	1.0	0.005988024175167084	0.408248290463863
566	811	778	0.10478240251541138	0.0019960079807788134	0.30151134457776363
567	411	101	0.09277810156345367	0.0019960079807788134	0.2886751345948129
568	155	671	0.08723803609609604	0.003992015961557627	0.25819888974716115
569	459	91	0.2462358921766281	0.0019960079807788134	0.5773502691896258
570	178	416	0.5763098001480103	0.041916169226169586	0.13363062095621217
571	745	381	0.2573584318161011	0.0019960079807788134	0.5773502691896258
572	234	541	0.3744385242462158	0.013972056098282337	0.17407765595569785
573	884	771	0.20251600444316864	0.007984031923115253	0.11180339887498948
574	432	812	0.19497673213481903	0.011976048350334167	0.17677669529663687
575	698	135	0.1058727502822876	0.0019960079807788134	0.4999999999999999
576	716	72	0.15920980274677277	0.011976048350334167	0.20412414523193154
577	347	296	0.2496352195739746	0.0019960079807788134	0.1259881576697424
578	294	397	0.28888770937919617	0.007984031923115253	0.35355339059327373
579	432	499	0.23676899075508118	0.009980039671063423	0.17677669529663687
580	895	602	0.2768612205982208	0.005988024175167084	0.2886751345948129
581	225	163	0.3227103054523468	0.0	0.35355339059327373
582	741	239	1.0	0.003992015961557627	0.2886751345948129
583	653	600	0.18124739825725555	0.005988024175167084	0.10050378152592121
584	479	893	0.36886221170425415	0.005988024175167084	0.12909944487358058
585	866	386	1.0	0.0019960079807788134	0.7071067811865475
586	583	461	0.07136372476816177	0.0019960079807788134	0.05923488777590924
587	219	254	0.23965947329998016	0.0019960079807788134	0.7071067811865475
588	98	87	0.06146225333213806	0.0019960079807788134	0.35355339059327373
589	31	244	0.040310561656951904	0.003992015961557627	0.35355339059327373
590	329	662	0.4292874038219452	0.019960079342126846	0.1889822365046136
591	733	200	0.36444351077079773	0.0019960079807788134	0.4472135954999579
592	761	182	0.13623245060443878	0.0019960079807788134	0.1690308509457033
593	714	872	0.5697985291481018	0.005988024175167084	0.2886751345948129
594	864	709	1.0	0.0019960079807788134	0.7071067811865475
595	592	833	0.6198318004608154	0.013972056098282337	0.18257418583505539
596	729	637	0.257169246673584	0.009980039671063423	0.20412414523193154
597	342	584	0.3359029293060303	0.015968063846230507	0.17407765595569785
598	490	498	0.5138677954673767	0.003992015961557627	0.35355339059327373
599	144	117	0.08440680801868439	0.003992015961557627	0.2886751345948129
600	711	703	0.9942498207092285	0.003992015961557627	0.7071067811865475
601	327	82	0.1938084065914154	0.049900200217962265	0.1666666666666667
602	452	255	0.27210670709609985	0.007984031923115253	0.12909944487358058
603	264	197	0.15628619492053986	0.0019960079807788134	0.3162277660168379
604	383	142	0.14119552075862885	0.0019960079807788134	0.35355339059327373
605	324	432	0.1413109451532364	0.01796407252550125	0.1178511301977579
606	300	904	0.4884980320930481	0.003992015961557627	0.2886751345948129
607	106	726	0.2885119616985321	0.003992015961557627	0.16012815380508716
608	743	213	0.40232139825820923	0.01796407252550125	0.18257418583505539
609	321	229	0.3756796717643738	0.01796407252550125	0.12499999999999997
610	144	181	0.07961507886648178	0.0019960079807788134	0.20412414523193154
611	592	875	0.14130713045597076	0.009980039671063423	0.18257418583505539
612	393	653	0.2759804427623749	0.009980039671063423	0.13608276348795434
613	552	73	0.05709526315331459	0.0	0.25819888974716115
614	868	749	0.36650553345680237	0.12175648659467697	0.11180339887498948
615	592	33	0.5278697609901428	0.005988024175167084	0.18257418583505539
616	311	283	0.14614960551261902	0.003992015961557627	0.2886751345948129
617	493	715	0.4057980477809906	0.0019960079807788134	0.13363062095621217
618	528	54	0.49413037300109863	0.940119743347168	0.22360679774997896
619	101	6	0.1893715113401413	0.0019960079807788134	0.7071067811865475
620	52	207	0.7296376824378967	0.0019960079807788134	0.4999999999999999
621	673	727	0.47781726717948914	0.015968063846230507	0.10910894511799621
622	598	342	0.32928773760795593	0.02195608802139759	0.12309149097933275
623	840	736	0.1546396017074585	0.0019960079807788134	0.26726124191242434
624	358	430	0.7189870476722717	0.003992015961557627	0.408248290463863
625	468	317	0.08636993914842606	0.009980039671063423	0.2041241452319315
626	420	392	0.25116875767707825	0.013972056098282337	0.1825741858350554
627	514	714	0.6440359354019165	0.011976048350334167	0.20412414523193154
628	831	321	0.261181503534317	0.12574850022792816	0.15811388300841894
629	598	615	0.1956525295972824	0.019960079342126846	0.18257418583505539
630	86	363	0.4084433615207672	0.0	0.25
631	319	462	0.18496502935886383	0.0379241518676281	0.1336306209562122
632	744	152	1.0	0.003992015961557627	0.35355339059327373
633	475	235	0.23698890209197998	0.003992015961557627	0.2886751345948129
634	569	276	0.15855109691619873	0.0019960079807788134	0.5
635	600	781	0.17329023778438568	0.003992015961557627	0.17407765595569785
636	479	840	0.6907954812049866	0.009980039671063423	0.2182178902359924
637	670	464	0.14310674369335175	0.003992015961557627	0.1543033499620919
638	355	690	0.3230690360069275	0.003992015961557627	0.24999999999999994
639	727	830	0.3948323726654053	0.003992015961557627	0.4082482904638631
640	609	141	0.11113611608743668	0.0019960079807788134	0.5773502691896258
641	237	356	0.1628478765487671	0.01796407252550125	0.13363062095621217
642	120	629	0.1672249287366867	0.02195608802139759	0.20412414523193154
643	873	822	0.7708355188369751	0.009980039671063423	0.2519763153394848
644	411	332	0.12773855030536652	0.005988024175167084	0.2886751345948129
645	857	618	0.05596724897623062	0.0019960079807788134	0.7071067811865475
646	260	461	0.08019102364778519	0.0019960079807788134	0.09365858115816939
647	518	318	0.08510356396436691	0.0019960079807788134	0.5
648	237	795	0.39910900592803955	0.013972056098282337	0.1543033499620919
649	176	142	0.25263410806655884	0.0019960079807788134	0.2886751345948129
650	803	331	0.32741978764533997	0.0019960079807788134	0.3162277660168379
651	10	804	0.2408120334148407	0.003992015961557627	0.31622776601683794
652	726	234	0.32092419266700745	0.019960079342126846	0.08362420100070908
653	737	885	0.6015094518661499	0.0019960079807788134	0.35355339059327373
654	716	552	0.10453430563211441	0.003992015961557627	0.2357022603955159
655	557	420	0.20403802394866943	0.0019960079807788134	0.12909944487358058
656	76	10	0.3978644013404846	0.02994011901319027	0.08451542547285167
657	708	447	0.6730114817619324	0.0019960079807788134	0.5773502691896258
658	469	340	0.012299955822527409	0.003992015961557627	0.35355339059327373
659	893	600	0.1692410707473755	0.0019960079807788134	0.13483997249264842
660	376	905	0.20490191876888275	0.0019960079807788134	0.7071067811865475
661	100	259	0.09076913446187973	0.0019960079807788134	0.7071067811865475
662	749	292	0.4494915306568146	0.003992015961557627	0.125
663	515	461	0.05998237058520317	0.005988024175167084	0.054073807043587524
664	513	767	0.5451526045799255	0.0019960079807788134	0.2886751345948129
665	462	76	0.07673471421003342	0.09381237626075745	0.1336306209562122
666	366	281	0.2910335958003998	0.005988024175167084	0.1690308509457033
667	166	62	0.35756394267082214	0.0019960079807788134	0.2886751345948129
668	76	462	0.07673471421003342	0.031936127692461014	0.1336306209562122
669	650	344	0.3036635220050812	0.0019960079807788134	0.3162277660168379
670	451	673	0.42485785484313965	0.0019960079807788134	0.1889822365046136
671	107	319	0.24804547429084778	0.06786426901817322	0.14285714285714288
672	735	107	0.14065037667751312	0.12375249713659286	0.1336306209562122
673	832	701	0.0911531150341034	0.003992015961557627	0.2182178902359924
674	302	348	1.0	0.0	0.7071067811865475
675	459	339	1.0	0.003992015961557627	0.5773502691896258
676	808	837	0.12124138325452805	0.11576846241950989	0.1690308509457033
677	431	277	0.2671186625957489	0.0019960079807788134	0.4472135954999579
678	299	375	0.2701021432876587	0.19960080087184906	0.12126781251816648
679	93	213	0.40232139825820923	0.0019960079807788134	0.18257418583505539
680	130	375	0.1970748007297516	0.0019960079807788134	0.12126781251816648
681	840	363	0.342659592628479	0.003992015961557627	0.1889822365046136
682	326	256	0.48058244585990906	0.007984031923115253	0.1666666666666667
683	112	186	0.10694915056228638	0.005988024175167084	0.3162277660168379
684	202	748	0.5183152556419373	0.0019960079807788134	0.4472135954999579
685	666	884	0.27935361862182617	0.0019960079807788134	0.1825741858350554
686	427	236	0.0150490403175354	0.0019960079807788134	0.5773502691896258
687	640	189	0.31989923119544983	0.0019960079807788134	0.35355339059327373
688	431	295	0.32835423946380615	0.0019960079807788134	0.3162277660168379
689	361	627	1.0	0.005988024175167084	0.408248290463863
690	833	544	0.7590005993843079	0.0019960079807788134	0.3162277660168379
691	179	461	0.013799051754176617	0.0019960079807788134	0.06622661785325219
692	536	159	0.14102795720100403	0.0019960079807788134	0.2886751345948129
693	258	136	0.17255549132823944	0.0019960079807788134	0.7071067811865475
694	416	23	0.5744814276695251	0.007984031923115253	0.1889822365046136
695	702	474	0.6040284633636475	0.0	0.5773502691896258
696	331	515	0.06761215627193451	0.0019960079807788134	0.2886751345948129
697	573	651	0.4571689963340759	0.0019960079807788134	0.2357022603955159
698	633	461	0.014351902529597282	0.015968063846230507	0.05006261743217588
699	190	743	0.26489517092704773	0.013972056098282337	0.1543033499620919
700	500	896	1.0	0.0	0.7071067811865475
701	811	375	0.4398488700389862	0.0019960079807788134	0.07312724241271307
702	584	548	0.1299840658903122	0.0019960079807788134	0.408248290463863
703	64	672	0.3943653106689453	0.005988024175167084	0.408248290463863
704	528	299	0.2940308749675751	0.8922155499458313	0.22360679774997896
705	300	802	0.2789832353591919	0.0	0.2357022603955159
706	10	788	0.054988399147987366	0.003992015961557627	0.31622776601683794
707	120	911	0.2868953049182892	0.01796407252550125	0.20412414523193154
708	356	657	0.08347059786319733	0.007984031923115253	0.24999999999999994
709	313	648	0.2982238531112671	0.0019960079807788134	0.5
710	890	461	0.047657471150159836	0.0019960079807788134	0.09365858115816939
711	493	433	0.527635395526886	0.003992015961557627	0.14285714285714282
712	28	845	0.6670044660568237	0.0019960079807788134	0.35355339059327373
713	555	486	0.11007171124219894	0.0019960079807788134	0.35355339059327373
714	23	853	0.35724467039108276	0.0019960079807788134	0.5
715	547	212	0.47957757115364075	0.005988024175167084	0.23904572186687872
716	665	795	0.39910900592803955	0.0019960079807788134	0.1543033499620919
717	355	71	0.5997748970985413	0.0019960079807788134	0.2041241452319315
718	729	106	0.53963303565979	0.009980039671063423	0.2357022603955159
719	589	482	0.2809407711029053	0.0019960079807788134	0.3162277660168379
720	795	209	0.16237305104732513	0.0	0.2886751345948129
721	528	375	0.2872975170612335	0.9660678505897522	0.10846522890932808
722	617	285	0.14327344298362732	0.003992015961557627	0.20412414523193154
723	347	241	0.8040911555290222	0.0019960079807788134	0.3779644730092272
724	771	717	0.4042753577232361	0.003992015961557627	0.17677669529663687
725	311	826	0.3908926844596863	0.003992015961557627	0.1666666666666667
726	177	817	0.2721773087978363	0.007984031923115253	0.26726124191242434
727	107	292	0.20715081691741943	0.003992015961557627	0.1336306209562122
728	120	738	0.09250905364751816	0.003992015961557627	0.4082482904638631
729	201	45	0.0825444906949997	0.0019960079807788134	0.4472135954999579
730	743	93	1.0	0.031936127692461014	0.1666666666666667
731	407	112	0.20129726827144623	0.019960079342126846	0.18257418583505539
732	12	801	1.0	0.0	0.5773502691896258
733	612	832	0.5972990393638611	0.009980039671063423	0.13363062095621217
734	587	825	0.4903550148010254	0.0	0.3779644730092272
735	654	440	0.15107105672359467	0.0019960079807788134	0.5
736	826	35	0.10774067789316177	0.0	0.2886751345948129
737	295	558	0.3842211365699768	0.0	0.7071067811865475
738	527	255	0.19120749831199646	0.011976048350334167	0.12909944487358058
739	487	433	0.5662418603897095	0.003992015961557627	0.14285714285714282
740	477	125	0.19151625037193298	0.0019960079807788134	0.4472135954999579
741	753	606	0.2951788306236267	0.1896207630634308	0.14285714285714282
742	472	166	0.5168275237083435	0.0019960079807788134	0.3333333333333334
743	38	881	0.04527057334780693	0.0019960079807788134	0.7071067811865475
744	733	758	0.5876007676124573	0.0019960079807788134	0.3162277660168379
745	527	653	0.404691219329834	0.009980039671063423	0.13608276348795434
746	639	664	0.2695930600166321	0.003992015961557627	0.5773502691896258
747	411	88	0.1294063776731491	0.0019960079807788134	0.4082482904638631
748	477	693	0.6502494215965271	0.003992015961557627	0.4472135954999579
749	839	468	0.19841156899929047	0.009980039671063423	0.14433756729740646
750	108	305	0.17294184863567352	0.0019960079807788134	0.7071067811865475
751	521	595	0.08827617764472961	0.0019960079807788134	0.7071067811865475
752	182	77	0.016458777710795403	0.0019960079807788134	0.4472135954999579
753	332	902	0.09925956279039383	0.0019960079807788134	0.7071067811865475
754	190	666	0.3585534393787384	0.003992015961557627	0.2182178902359924
755	487	234	0.22290213406085968	0.005988024175167084	0.11396057645963795
756	832	683	0.20148524641990662	0.003992015961557627	0.1543033499620919
757	112	754	0.06975382566452026	0.0019960079807788134	0.3162277660168379
758	683	780	0.4522063434123993	0.0	0.4082482904638631
759	180	461	0.0714685320854187	0.0019960079807788134	0.05923488777590924
760	759	737	0.14309155941009521	0.0019960079807788134	0.24999999999999994
761	670	764	0.7112529277801514	0.003992015961557627	0.26726124191242434
762	391	829	0.4800776541233063	0.003992015961557627	0.5
763	240	557	0.1478867530822754	0.005988024175167084	0.20412414523193154
764	906	421	0.22511102259159088	0.0019960079807788134	0.1825741858350554
765	432	300	0.22380411624908447	0.013972056098282337	0.14433756729740646
766	113	8	0.4557008445262909	0.045908182859420776	0.1666666666666667
767	264	215	0.05861757695674896	0.0019960079807788134	0.3162277660168379
768	641	436	1.0	0.0	0.7071067811865475
769	761	906	0.07494284957647324	0.0019960079807788134	0.11952286093343936
770	464	677	0.19064226746559143	0.0	0.4082482904638631
771	889	836	0.3929555118083954	0.009980039671063423	0.1690308509457033
772	229	375	0.2701021432876587	0.24351297318935394	0.08574929257125441
773	529	591	0.2198340892791748	0.0	0.35355339059327373
774	182	663	0.12666593492031097	0.0019960079807788134	0.4472135954999579
775	564	811	0.3905021548271179	0.005988024175167084	0.10660035817780521
776	582	642	0.40634045004844666	0.0	0.3162277660168379
777	296	64	0.37931525707244873	0.015968063846230507	0.19245008972987526
778	202	164	0.5761765837669373	0.0019960079807788134	0.4472135954999579
779	158	20	1.0	0.003992015961557627	0.7071067811865475
780	66	160	0.3204069435596466	0.0019960079807788134	0.5773502691896258
781	842	330	0.04474351182579994	0.0019960079807788134	0.5773502691896258
782	173	145	0.5602725148200989	0.0019960079807788134	0.4999999999999999
783	117	607	0.2586825489997864	0.0019960079807788134	0.7071067811865475
784	48	665	0.10173000395298004	0.0	0.26726124191242434
785	681	180	0.1013244166970253	0.0	0.22360679774997896
786	744	483	0.5839858055114746	0.003992015961557627	0.16666666666666666
787	832	375	0.3239699900150299	0.0	0.09166984970282112
788	462	319	0.18496502935886383	0.04391217604279518	0.1336306209562122
789	319	76	0.2354831099510193	0.013972056098282337	0.14285714285714288
790	516	771	0.07717759162187576	0.009980039671063423	0.13363062095621217
791	103	907	0.19676640629768372	0.0019960079807788134	0.7071067811865475
792	67	568	0.25590091943740845	0.0019960079807788134	0.26726124191242434
793	789	540	0.63451087474823	0.007984031923115253	0.16666666666666666
794	462	292	0.1012219488620758	0.0	0.125
795	212	41	0.03620851784944534	0.003992015961557627	0.31622776601683794
796	755	901	0.4015364944934845	0.003992015961557627	0.4472135954999579
797	418	483	0.47108668088912964	0.013972056098282337	0.13608276348795434
798	372	589	0.34550851583480835	0.0019960079807788134	0.25819888974716115
799	836	94	0.5143040418624878	0.0019960079807788134	0.3162277660168379
800	501	628	0.3562462031841278	0.0	0.7071067811865475
801	0	823	0.15024098753929138	0.0019960079807788134	0.26726124191242434
802	437	605	0.5098649263381958	0.0019960079807788134	0.5773502691896258
803	8	562	0.11216530948877335	0.009980039671063423	0.18257418583505539
804	675	461	0.04734158515930176	0.003992015961557627	0.054073807043587524
805	675	67	0.4186621904373169	0.0019960079807788134	0.2886751345948129
806	33	875	0.1414424479007721	0.0	0.19999999999999998
807	673	201	0.24404875934123993	0.011976048350334167	0.11952286093343936
808	587	461	0.07441994547843933	0.0019960079807788134	0.05006261743217588
809	727	155	0.09928668290376663	0.0	0.18257418583505539
810	93	355	0.18090490996837616	0.005988024175167084	0.14433756729740646
811	162	388	0.14838573336601257	0.0019960079807788134	0.7071067811865475
812	430	550	0.09837200492620468	0.0019960079807788134	0.7071067811865475
813	638	128	0.3439326584339142	0.0	0.5773502691896258
814	570	288	0.1525428146123886	0.0019960079807788134	0.5773502691896258
815	877	92	0.09701967239379883	0.0019960079807788134	0.2357022603955158
816	493	234	0.12935958802700043	0.003992015961557627	0.11396057645963795
817	895	66	0.16665540635585785	0.005988024175167084	0.2357022603955159
818	729	449	0.18994037806987762	0.003992015961557627	0.20412414523193154
819	490	62	0.49695885181427	0.0019960079807788134	0.25
820	638	588	0.2633911073207855	0.0019960079807788134	0.5773502691896258
821	8	448	0.3319283425807953	0.011976048350334167	0.18257418583505539
822	193	581	0.68320631980896	0.003992015961557627	0.2886751345948129
823	343	461	0.045849256217479706	0.0019960079807788134	0.06622661785325219
824	546	76	0.31069594621658325	0.009980039671063423	0.14285714285714288
825	654	55	0.20869435369968414	0.0019960079807788134	0.35355339059327373
826	352	635	1.0	0.003992015961557627	0.5
827	697	457	0.08478284627199173	0.013972056098282337	0.22360679774997896
828	382	238	0.20447534322738647	0.05189620703458786	0.13608276348795434
829	226	139	0.2493559569120407	0.0019960079807788134	0.2886751345948129
830	854	776	0.2846832275390625	0.0019960079807788134	0.4472135954999579
831	133	293	0.24831251800060272	0.0019960079807788134	0.7071067811865475
832	271	303	0.2056744545698166	0.0019960079807788134	0.5773502691896258
833	574	110	0.11958150565624237	0.0019960079807788134	0.5
834	812	802	0.2651640474796295	0.003992015961557627	0.2886751345948129
835	390	794	0.33830174803733826	0.0	0.5
836	226	358	0.6491818428039551	0.01796407252550125	0.2357022603955159
837	723	135	0.17308971285820007	0.0019960079807788134	0.4999999999999999
838	98	461	0.02833477035164833	0.0	0.06622661785325219
839	193	115	0.5859613418579102	0.003992015961557627	0.2357022603955159
840	745	159	0.14103533327579498	0.0019960079807788134	0.3333333333333334
841	615	711	0.21397610008716583	0.005988024175167084	0.3162277660168379
842	193	684	0.5714817643165588	0.0019960079807788134	0.4082482904638631
843	572	306	0.25161343812942505	0.0	0.5773502691896258
844	367	839	0.52829909324646	0.08982036262750626	0.10540925533894598
845	697	354	0.4553222954273224	0.011976048350334167	0.25819888974716115
846	810	461	0.019896747544407845	0.0019960079807788134	0.07647191129018727
847	514	383	0.6285057067871094	0.007984031923115253	0.20412414523193154
848	611	279	0.2325141727924347	0.0019960079807788134	0.7071067811865475
849	453	870	0.13563032448291779	0.0019960079807788134	0.7071067811865475
850	29	636	0.2735808491706848	0.0019960079807788134	0.7071067811865475
851	750	461	0.029388532042503357	0.06586826592683792	0.05006261743217588
852	674	291	0.19929249584674835	0.0019960079807788134	0.7071067811865475
853	779	342	0.4231651723384857	0.005988024175167084	0.11396057645963795
854	481	576	0.17317138612270355	0.0019960079807788134	0.2886751345948129
855	275	811	0.999467670917511	0.0019960079807788134	0.21320071635561041
856	245	763	0.05547567829489708	0.0019960079807788134	0.5773502691896258
857	877	180	0.11298411339521408	0.01796407252550125	0.14907119849998596
858	89	153	0.6590146422386169	0.0019960079807788134	0.408248290463863
859	629	569	0.26922932267189026	0.007984031923115253	0.25
860	733	456	0.5663822889328003	0.0019960079807788134	0.3162277660168379
861	581	478	0.4474250376224518	0.0019960079807788134	0.7071067811865475
862	735	546	0.1698828637599945	0.013972056098282337	0.1336306209562122
863	382	633	0.01682475581765175	0.10578842461109161	0.1259881576697424
864	246	132	0.3448813557624817	0.0019960079807788134	0.2041241452319315
865	448	473	0.26619043946266174	0.003992015961557627	0.4472135954999579
866	4	63	0.36245018243789673	0.0	0.2357022603955159
867	671	655	0.07474619150161743	0.0	0.5773502691896258
868	837	895	0.5689144134521484	0.031936127692461014	0.1543033499620919
869	285	791	0.2328197956085205	0.0019960079807788134	0.35355339059327373
870	528	461	0.021495094522833824	1.0	0.05923488777590924
871	570	687	0.6927674412727356	0.0019960079807788134	0.5773502691896258
872	237	744	0.6036508083343506	0.01796407252550125	0.1889822365046136
873	645	455	0.422596275806427	0.0	0.408248290463863
874	527	798	0.19989626109600067	0.007984031923115253	0.18257418583505539
875	803	688	0.301323264837265	0.0	0.4472135954999579
876	535	178	0.1826109141111374	0.0019960079807788134	0.17677669529663687
877	294	224	0.9999485611915588	0.011976048350334167	0.25
878	621	380	0.08832786977291107	0.0	0.7071067811865475
879	546	319	0.5120738744735718	0.0019960079807788134	0.14285714285714288
880	312	461	0.05397920310497284	0.0019960079807788134	0.06622661785325219
881	530	678	0.07642617076635361	0.0	0.5
882	152	612	0.382503479719162	0.0019960079807788134	0.24999999999999994
883	17	759	0.6339132189750671	0.003992015961557627	0.408248290463863
884	822	461	0.04135342687368393	0.003992015961557627	0.044151078568834795
885	224	223	0.16095148026943207	0.0019960079807788134	0.5
886	633	184	0.007255931384861469	0.02195608802139759	0.1889822365046136
887	552	408	0.0780712366104126	0.0019960079807788134	0.25819888974716115
888	226	561	0.10192684084177017	0.011976048350334167	0.2357022603955159
889	546	749	0.5712701678276062	0.0	0.1336306209562122
890	831	598	0.17199718952178955	0.10578842461109161	0.18257418583505539
891	213	813	0.07928662747144699	0.0019960079807788134	0.4472135954999579
892	196	417	0.5812610387802124	0.0019960079807788134	0.408248290463863
893	76	107	0.1844421774148941	0.03992015868425369	0.14285714285714288
894	312	734	0.23776575922966003	0.0019960079807788134	0.2886751345948129
895	461	868	0.4617396295070648	0.3313373327255249	0.05923488777590924
896	298	718	0.9999403953552246	0.0	0.5
897	665	237	1.0	0.003992015961557627	0.14285714285714282
898	615	656	0.2253032624721527	0.003992015961557627	0.4472135954999579
899	73	221	0.11468832939863205	0.0	0.4472135954999579
900	805	673	0.34662628173828125	0.0019960079807788134	0.1889822365046136
901	431	596	0.05452496558427811	0.005988024175167084	0.4472135954999579
902	190	420	0.5244871973991394	0.011976048350334167	0.11952286093343936
903	414	727	0.47731465101242065	0.0	0.20412414523193154
904	832	161	0.07903803139925003	0.0019960079807788134	0.3779644730092272
905	822	347	0.8040760159492493	0.005988024175167084	0.2519763153394848
906	884	906	0.15611205995082855	0.0019960079807788134	0.2
907	390	212	0.22247065603733063	0.0019960079807788134	0.15811388300841897
908	321	564	0.6783193945884705	0.01796407252550125	0.12499999999999997
909	407	361	0.23450538516044617	0.011976048350334167	0.2357022603955159
910	906	47	0.6702814102172852	0.003992015961557627	0.1825741858350554
911	599	597	0.2418951392173767	0.0019960079807788134	0.26726124191242434
912	889	807	0.06532204896211624	0.007984031923115253	0.14285714285714282
913	686	195	0.4822140634059906	0.0019960079807788134	0.5773502691896258
914	313	370	0.7430619597434998	0.0019960079807788134	0.5
915	172	287	0.19733627140522003	0.0019960079807788134	0.22360679774997896
916	729	899	0.3358290195465088	0.003992015961557627	0.14433756729740646
917	112	53	0.0782260075211525	0.0019960079807788134	0.4472135954999579
918	393	0	0.8247995972633362	0.005988024175167084	0.1543033499620919
919	33	248	0.03142479434609413	0.003992015961557627	0.3162277660168379
920	55	731	0.12730416655540466	0.0019960079807788134	0.7071067811865475
921	82	811	0.19249744713306427	0.009980039671063423	0.12309149097933275
922	374	441	0.6622090339660645	0.0019960079807788134	0.5773502691896258
923	428	772	0.17789426445960999	0.0019960079807788134	0.7071067811865475
924	586	310	0.17258669435977936	0.015968063846230507	0.12909944487358058
925	344	464	0.17608250677585602	0.0019960079807788134	0.2886751345948129
926	0	367	0.16040776669979095	0.003992015961557627	0.0975900072948533
927	324	256	0.5114355087280273	0.011976048350334167	0.13608276348795434
928	516	586	0.08117355406284332	0.003992015961557627	0.1091089451179962
929	191	461	0.05022943764925003	0.009980039671063423	0.054073807043587524
930	4	589	0.4396907687187195	0.0	0.36514837167011077
931	311	103	0.3782527446746826	0.0019960079807788134	0.2886751345948129
932	180	333	0.6427735090255737	0.005988024175167084	0.3162277660168379
933	489	890	0.29235148429870605	0.0019960079807788134	0.408248290463863
934	182	154	0.105352021753788	0.0019960079807788134	0.3162277660168379
935	515	908	0.589519739151001	0.003992015961557627	0.20412414523193154
936	382	783	0.17734269797801971	0.0019960079807788134	0.2357022603955158
937	10	406	0.21517135202884674	0.003992015961557627	0.31622776601683794
938	201	742	0.06714080274105072	0.0019960079807788134	0.3162277660168379
939	583	409	0.3506954610347748	0.003992015961557627	0.3162277660168379
940	462	546	0.23889029026031494	0.045908182859420776	0.1336306209562122
941	319	294	0.04413210600614548	0.057884231209754944	0.1336306209562122
942	740	583	0.08445702493190765	0.009980039671063423	0.18257418583505539
943	23	461	0.03154149651527405	0.0019960079807788134	0.06622661785325219
944	433	307	0.14911702275276184	0.0	0.3779644730092272
945	584	852	0.7121285796165466	0.005988024175167084	0.408248290463863
946	567	85	0.4124313294887543	0.0019960079807788134	0.5
947	587	497	0.4467484652996063	0.0019960079807788134	0.3779644730092272
948	450	461	0.028775064274668694	0.005988024175167084	0.06622661785325219
949	354	199	0.12367044389247894	0.0	0.408248290463863
950	568	207	0.5545944571495056	0.0	0.26726124191242434
951	342	670	0.18883447349071503	0.013972056098282337	0.11396057645963795
952	431	80	0.09465879946947098	0.003992015961557627	0.22360679774997896
953	576	58	0.24093937873840332	0.0019960079807788134	0.408248290463863
954	735	462	0.14585335552692413	0.09580838680267334	0.125
955	795	488	0.15002824366092682	0.0019960079807788134	0.4082482904638631
956	176	507	0.4595029950141907	0.005988024175167084	0.20412414523193154
957	592	739	0.15812566876411438	0.011976048350334167	0.18257418583505539
958	589	4	0.4396907687187195	0.003992015961557627	0.36514837167011077
959	779	810	0.17520861327648163	0.007984031923115253	0.2182178902359924
960	734	1	0.7837471961975098	0.0019960079807788134	0.5773502691896258
961	139	821	0.047888632863759995	0.0019960079807788134	0.7071067811865475
962	113	822	0.1207876205444336	0.0359281450510025	0.13608276348795434
963	366	450	0.07898972928524017	0.023952096700668335	0.1889822365046136
964	911	696	0.5608347654342651	0.0019960079807788134	0.25
965	268	255	0.9995294809341431	0.0019960079807788134	0.22360679774997896
966	747	51	0.7092071175575256	0.0	0.4472135954999579
967	299	831	0.227812260389328	0.16566866636276245	0.22360679774997896
968	643	46	0.5674355030059814	0.0019960079807788134	0.7071067811865475
969	464	261	0.7267147898674011	0.0019960079807788134	0.4082482904638631
970	140	665	0.017508825287222862	0.005988024175167084	0.1690308509457033
971	448	89	0.2513895332813263	0.0019960079807788134	0.3162277660168379
972	197	364	0.06388571858406067	0.0019960079807788134	0.7071067811865475
973	771	613	0.033243581652641296	0.005988024175167084	0.35355339059327373
974	502	206	0.9999936819076538	0.0019960079807788134	0.7071067811865475
975	289	575	0.6958217024803162	0.0019960079807788134	0.7071067811865475
976	283	30	0.16053861379623413	0.0019960079807788134	0.7071067811865475
977	327	393	0.17892201244831085	0.045908182859420776	0.1666666666666667
978	547	132	0.32859352231025696	0.0019960079807788134	0.2182178902359924
979	469	866	0.1736951619386673	0.005988024175167084	0.35355339059327373
980	54	382	0.2061699479818344	0.185628741979599	0.16666666666666666
981	461	735	0.18388187885284424	0.31536924839019775	0.033113308926626096
982	868	735	0.2295786291360855	0.053892213851213455	0.11180339887498948
983	619	496	0.06091257557272911	0.0019960079807788134	0.7071067811865475
984	271	471	0.04062141478061676	0.0	0.5773502691896258
985	177	411	0.08167144656181335	0.019960079342126846	0.1543033499620919
986	464	786	0.1372985690832138	0.0019960079807788134	0.4082482904638631
987	360	384	0.16074861586093903	0.0	0.7071067811865475
988	310	461	0.05402462184429169	0.007984031923115253	0.05923488777590924
989	201	323	0.07382787764072418	0.0019960079807788134	0.4472135954999579
990	634	262	0.7273722887039185	0.0	0.26726124191242434
991	523	280	0.11213209480047226	0.0019960079807788134	0.7071067811865475
992	481	679	0.24516640603542328	0.0019960079807788134	0.5
993	204	124	0.9998674392700195	0.0019960079807788134	0.7071067811865475
994	681	737	0.17938852310180664	0.0019960079807788134	0.17677669529663687
995	714	572	1.0	0.0019960079807788134	0.2886751345948129
996	906	884	0.15611205995082855	0.0019960079807788134	0.2
997	185	899	0.10476980358362198	0.053892213851213455	0.14433756729740646
998	884	529	0.34452125430107117	0.013972056098282337	0.15811388300841897
999	180	792	0.36156800389289856	0.0019960079807788134	0.4472135954999579
1000	781	394	0.14594045281410217	0.0019960079807788134	0.408248290463863
1001	399	723	0.021969318389892578	0.003992015961557627	0.408248290463863
1002	231	619	0.6580695509910583	0.0019960079807788134	0.35355339059327373
1003	468	287	0.4403111934661865	0.0019960079807788134	0.11180339887498948
1004	448	153	0.26055908203125	0.003992015961557627	0.25819888974716115
1005	178	491	0.7362673878669739	0.0379241518676281	0.13363062095621217
1006	812	47	0.5233578681945801	0.0019960079807788134	0.2886751345948129
1007	319	107	0.24804547429084778	0.049900200217962265	0.14285714285714288
1008	483	375	0.6868684887886047	0.003992015961557627	0.08084520834544431
1009	898	272	0.16024796664714813	0.0019960079807788134	0.7071067811865475
1010	26	538	0.22741523385047913	0.0019960079807788134	0.7071067811865475
1011	887	342	0.5503319501876831	0.011976048350334167	0.11396057645963795
1012	8	343	0.14232534170150757	0.007984031923115253	0.20412414523193154
1013	224	90	0.14447610080242157	0.003992015961557627	0.5
1014	18	73	0.1424599438905716	0.0019960079807788134	0.22360679774997896
1015	843	32	0.4791370630264282	0.0	0.7071067811865475
1016	681	408	0.1185743436217308	0.003992015961557627	0.22360679774997896
1017	321	234	0.09517113119363785	0.007984031923115253	0.10660035817780521
1018	582	789	0.20400522649288177	0.0019960079807788134	0.14907119849998596
1019	612	57	0.45958760380744934	0.015968063846230507	0.2041241452319315
1020	377	647	0.2472386658191681	0.0019960079807788134	0.3162277660168379
1021	455	771	0.20192651450634003	0.0	0.24999999999999994
1022	513	702	0.057197581976652145	0.003992015961557627	0.2357022603955159
1023	326	673	0.2951761782169342	0.003992015961557627	0.10910894511799621
1024	837	321	0.40366071462631226	0.015968063846230507	0.13363062095621217
1025	840	600	0.16328321397304535	0.005988024175167084	0.11396057645963795
1026	143	147	0.4656428098678589	0.0019960079807788134	0.5
1027	671	504	0.06744256615638733	0.0019960079807788134	0.5773502691896258
1028	383	194	0.23510366678237915	0.0019960079807788134	0.5
1029	749	546	0.5712701678276062	0.06586826592683792	0.1336306209562122
1030	189	517	0.5805585384368896	0.0019960079807788134	0.7071067811865475
1031	80	760	0.6354461908340454	0.0019960079807788134	0.5
1032	393	811	0.1805253028869629	0.011976048350334167	0.12309149097933275
1033	140	427	0.2253980040550232	0.005988024175167084	0.25819888974716115
1034	750	367	0.275693416595459	0.0758483037352562	0.0975900072948533
1035	696	56	0.1459503024816513	0.0	0.5
1036	653	779	0.17711707949638367	0.007984031923115253	0.1259881576697424
1037	266	876	0.11367613822221756	0.0019960079807788134	0.7071067811865475
1038	297	806	0.7574442625045776	0.0019960079807788134	0.7071067811865475
1039	557	726	0.26185014843940735	0.0	0.11322770341445959
1040	911	49	0.2886091470718384	0.0019960079807788134	0.2886751345948129
1041	184	179	0.2188946008682251	0.005988024175167084	0.25
1042	225	501	0.31439101696014404	0.0019960079807788134	0.35355339059327373
1043	43	859	0.050854768604040146	0.0019960079807788134	0.5773502691896258
1044	877	324	0.36359110474586487	0.0019960079807788134	0.2222222222222222
1045	537	461	0.056139327585697174	0.0	0.09365858115816939
1046	513	755	0.8199378848075867	0.003992015961557627	0.18257418583505539
1047	895	367	0.1800074279308319	0.007984031923115253	0.10540925533894598
1048	690	456	0.17934972047805786	0.0	0.4999999999999999
1049	568	800	0.6655033230781555	0.0	0.3779644730092272
1050	366	490	0.23554395139217377	0.011976048350334167	0.1889822365046136
1051	449	576	0.4386829435825348	0.0	0.2886751345948129
1052	262	5	0.06604102998971939	0.0019960079807788134	0.3779644730092272
1053	489	412	0.10643678903579712	0.0019960079807788134	0.408248290463863
1054	854	50	0.17968367040157318	0.0019960079807788134	0.3162277660168379
1055	749	735	0.30892297625541687	0.1497005969285965	0.125
1056	420	733	0.7233893275260925	0.007984031923115253	0.1414213562373095
1057	617	654	0.280671626329422	0.009980039671063423	0.20412414523193154
1058	753	113	0.45139095187187195	0.19760479032993317	0.1543033499620919
1059	586	515	0.1650218814611435	0.013972056098282337	0.11785113019775795
1060	795	432	0.1388883739709854	0.0019960079807788134	0.14433756729740646
1061	514	461	0.033639900386333466	0.005988024175167084	0.054073807043587524
1062	468	362	0.1011492908000946	0.005988024175167084	0.24999999999999994
1063	755	426	0.1398765593767166	0.0	0.4472135954999579
1064	749	107	0.4029955565929413	0.16766467690467834	0.1336306209562122
1065	460	502	0.25639981031417847	0.003992015961557627	0.35355339059327373
1066	336	606	0.23703844845294952	0.0019960079807788134	0.2182178902359924
1067	35	526	0.38220685720443726	0.0	0.7071067811865475
1068	450	661	0.9998239874839783	0.007984031923115253	0.35355339059327373
1069	190	733	0.4454677104949951	0.005988024175167084	0.1690308509457033
1070	590	342	0.3841508626937866	0.049900200217962265	0.12309149097933275
1071	899	212	0.27091652154922485	0.023952096700668335	0.11180339887498948
1072	908	434	0.1970183253288269	0.0	0.5
1073	572	872	0.5697985291481018	0.0019960079807788134	0.3333333333333334
1074	237	560	0.29734006524086	0.013972056098282337	0.1543033499620919
1075	750	740	0.3367386758327484	0.053892213851213455	0.1543033499620919
1076	717	495	0.41909125447273254	0.0019960079807788134	0.5
1077	452	811	0.3618086576461792	0.005988024175167084	0.12309149097933275
1078	62	34	0.5862672924995422	0.0019960079807788134	0.5
1079	178	516	0.263764888048172	0.04391217604279518	0.13363062095621217
1080	212	669	0.9999001622200012	0.0019960079807788134	0.22360679774997896
1081	31	762	0.1782146543264389	0.0019960079807788134	0.5
1082	789	382	0.32484379410743713	0.0019960079807788134	0.2222222222222222
1083	872	371	0.17156653106212616	0.0019960079807788134	0.5773502691896258
1084	296	176	0.2329329401254654	0.02594810351729393	0.13608276348795434
1085	503	461	0.027644598856568336	0.0	0.05923488777590924
1086	556	910	0.07054096460342407	0.0019960079807788134	0.5773502691896258
1087	586	260	0.49107739329338074	0.009980039671063423	0.2041241452319315
1088	560	342	0.6380587816238403	0.007984031923115253	0.12309149097933275
1089	414	652	0.5340419411659241	0.0019960079807788134	0.22360679774997896
1090	712	726	0.07987137138843536	0.0019960079807788134	0.1386750490563073
1091	181	542	0.05876568704843521	0.0019960079807788134	0.5
1092	244	286	0.35773766040802	0.0019960079807788134	0.7071067811865475
1093	217	903	0.6405020952224731	0.0019960079807788134	0.5
1094	515	157	0.5178537368774414	0.0	0.2886751345948129
1095	66	768	0.2848951816558838	0.0019960079807788134	0.5773502691896258
1096	449	641	0.37404343485832214	0.0	0.35355339059327373
1097	382	407	0.15688495337963104	0.10379241406917572	0.13608276348795434
1098	514	639	0.6992068290710449	0.011976048350334167	0.2357022603955159
1099	908	614	0.2829858660697937	0.0	0.5
1100	815	551	0.9996817111968994	0.0019960079807788134	0.7071067811865475
1101	831	229	0.227812260389328	0.053892213851213455	0.3162277660168379
1102	308	533	0.6395332217216492	0.003992015961557627	0.408248290463863
1103	231	150	0.38746052980422974	0.0019960079807788134	0.5
1104	725	250	0.22400152683258057	0.003992015961557627	0.408248290463863
1105	340	861	0.22039535641670227	0.003992015961557627	0.7071067811865475
1106	315	461	0.10349636524915695	0.0019960079807788134	0.09365858115816939
1107	483	717	0.20189225673675537	0.0019960079807788134	0.16666666666666666
1108	463	225	0.03558478504419327	0.005988024175167084	0.20412414523193154
1109	226	458	0.14877547323703766	0.009980039671063423	0.2886751345948129
1110	28	461	0.048066433519124985	0.0019960079807788134	0.06622661785325219
1111	617	747	0.10498569905757904	0.0019960079807788134	0.18257418583505539
1112	375	255	0.34633520245552063	0.299401193857193	0.07669649888473705
1113	582	503	0.29501140117645264	0.0019960079807788134	0.19999999999999998
1114	640	218	0.12099172174930573	0.0019960079807788134	0.5
1115	754	168	0.6635497212409973	0.0	0.7071067811865475
1116	606	729	0.5439714193344116	0.03393213450908661	0.1543033499620919
1117	465	593	0.2522740364074707	0.0019960079807788134	0.7071067811865475
1118	737	461	0.05703742429614067	0.0019960079807788134	0.04682929057908469
1119	715	867	0.13555419445037842	0.003992015961557627	0.35355339059327373
1120	347	673	0.1637619584798813	0.0019960079807788134	0.10101525445522107
1121	366	824	0.14409063756465912	0.009980039671063423	0.2182178902359924
1122	599	169	0.244638592004776	0.003992015961557627	0.3779644730092272
1123	462	749	0.307514488697052	0.15369261801242828	0.125
1124	662	643	0.5267112851142883	0.003992015961557627	0.35355339059327373
1125	908	585	0.10518556088209152	0.0019960079807788134	0.5
1126	536	466	0.14389942586421967	0.0019960079807788134	0.5
1127	462	735	0.14585335552692413	0.09381237626075745	0.125
1128	8	155	0.46146151423454285	0.009980039671063423	0.18257418583505539
1129	82	255	0.14578989148139954	0.0019960079807788134	0.12909944487358058
1130	683	785	0.6712871789932251	0.003992015961557627	0.4082482904638631
1131	93	71	0.33571428060531616	0.003992015961557627	0.2357022603955159
1132	712	262	0.095014788210392	0.0019960079807788134	0.1889822365046136
1133	356	301	0.3340208828449249	0.0019960079807788134	0.35355339059327373
1134	841	796	0.2364630103111267	0.0	0.7071067811865475
1135	281	694	0.23126406967639923	0.0	0.4472135954999579
1136	366	670	0.10644817352294922	0.02195608802139759	0.14285714285714282
1137	682	314	0.14973695576190948	0.0019960079807788134	0.7071067811865475
1138	179	21	0.5714381337165833	0.0019960079807788134	0.5
1139	735	319	0.15572048723697662	0.027944112196564674	0.1336306209562122
1140	264	809	0.28578847646713257	0.0019960079807788134	0.3162277660168379
1141	798	12	0.04772487282752991	0.0	0.25819888974716115
1142	491	134	0.24640795588493347	0.0019960079807788134	0.26726124191242434
1143	533	461	0.05158447101712227	0.0019960079807788134	0.09365858115816939
1144	95	439	0.030234038829803467	0.0019960079807788134	0.7071067811865475
1145	799	697	0.13858924806118011	0.05588822439312935	0.18257418583505539
1146	421	438	0.3286493122577667	0.0019960079807788134	0.5773502691896258
1147	408	423	0.3471702039241791	0.0019960079807788134	0.4472135954999579
1148	246	212	0.47801947593688965	0.015968063846230507	0.22360679774997896
1149	212	547	0.47957757115364075	0.007984031923115253	0.23904572186687872
1150	107	546	0.49648281931877136	0.03393213450908661	0.14285714285714288
1151	57	479	0.31679314374923706	0.003992015961557627	0.1666666666666667
1152	73	757	0.31324100494384766	0.0	0.4472135954999579
1153	383	508	0.4713476598262787	0.0	0.5
1154	803	167	0.41714513301849365	0.0	0.3162277660168379
1155	483	869	0.4515785276889801	0.0	0.3333333333333333
1156	848	534	0.05904173478484154	0.0	0.4472135954999579
1157	191	175	0.07080204784870148	0.005988024175167084	0.2357022603955159
1158	355	217	0.6895484328269958	0.003992015961557627	0.17677669529663687
1159	789	877	0.33049365878105164	0.003992015961557627	0.2222222222222222
1160	250	87	0.037215761840343475	0.0019960079807788134	0.4999999999999999
1161	167	620	0.12677118182182312	0.0	0.7071067811865475
1162	487	493	0.5106817483901978	0.0019960079807788134	0.28571428571428564
1163	650	367	0.1255544275045395	0.0019960079807788134	0.11547005383792514
1164	185	601	0.4155467450618744	0.045908182859420776	0.1666666666666667
1165	629	196	0.6113573312759399	0.0019960079807788134	0.2886751345948129
1166	670	570	0.08238951116800308	0.005988024175167084	0.2182178902359924
1167	727	296	0.860723614692688	0.003992015961557627	0.13608276348795434
1168	812	530	0.2912791967391968	0.0019960079807788134	0.25
1169	463	372	0.04196811467409134	0.003992015961557627	0.2357022603955159
1170	192	60	0.09819734841585159	0.0019960079807788134	0.7071067811865475
1171	662	133	0.33655306696891785	0.003992015961557627	0.35355339059327373
1172	906	701	0.5633324980735779	0.005988024175167084	0.1825741858350554
1173	107	10	0.33007851243019104	0.023952096700668335	0.08451542547285167
1174	562	805	0.5065647959709167	0.0019960079807788134	0.3162277660168379
1175	263	365	0.19419382512569427	0.0019960079807788134	0.7071067811865475
1176	601	144	0.3618847727775574	0.011976048350334167	0.1666666666666667
1177	653	479	0.45901724696159363	0.003992015961557627	0.09622504486493763
1178	779	352	0.49955978989601135	0.007984031923115253	0.1889822365046136
1179	210	835	0.7542936205863953	0.0019960079807788134	0.5773502691896258
1180	737	856	0.24760094285011292	0.003992015961557627	0.35355339059327373
1181	601	899	0.3290838599205017	0.007984031923115253	0.14433756729740646
1182	826	898	0.44967401027679443	0.005988024175167084	0.2886751345948129
1183	739	500	0.6699779033660889	0.0	0.3162277660168379
1184	238	665	0.11645287275314331	0.009980039671063423	0.1543033499620919
1185	458	556	0.21778182685375214	0.003992015961557627	0.408248290463863
1186	420	353	0.07964890450239182	0.011976048350334167	0.15811388300841897
1187	637	14	0.07842555642127991	0.003992015961557627	0.35355339059327373
1188	298	162	0.35408130288124084	0.0019960079807788134	0.35355339059327373
1189	642	357	0.3348490595817566	0.0	0.7071067811865475
1190	606	420	0.1227167472243309	0.03992015868425369	0.11952286093343936
1191	242	409	0.32963860034942627	0.0	0.4999999999999999
1192	887	391	0.3115791380405426	0.007984031923115253	0.1889822365046136
1193	779	707	0.031173385679721832	0.009980039671063423	0.2182178902359924
1194	743	355	0.18090490996837616	0.02195608802139759	0.14433756729740646
1195	155	485	0.46622225642204285	0.0	0.3162277660168379
1196	134	549	0.9999870657920837	0.0019960079807788134	0.7071067811865475
1197	72	408	0.11297983676195145	0.0019960079807788134	0.22360679774997896
1198	411	841	0.06408485025167465	0.0019960079807788134	0.2886751345948129
1199	569	137	0.8940483331680298	0.0019960079807788134	0.5
1200	416	491	0.6431668400764465	0.003992015961557627	0.28571428571428564
1201	316	732	0.09483560174703598	0.0019960079807788134	0.7071067811865475
1202	178	586	0.1991298347711563	0.0379241518676281	0.10206207261596575
1203	256	271	0.03301013261079788	0.0019960079807788134	0.2357022603955159
1204	758	378	0.07680007070302963	0.0019960079807788134	0.7071067811865475
1205	539	444	0.2542867064476013	0.0019960079807788134	0.3162277660168379
1206	130	216	0.2521539032459259	0.0019960079807788134	0.5
1207	811	70	0.33688533306121826	0.003992015961557627	0.21320071635561041
1208	767	700	0.0869775041937828	0.0019960079807788134	0.7071067811865475
1209	750	877	0.3802792727947235	0.05189620703458786	0.1259881576697424
1210	215	699	0.10837572813034058	0.0019960079807788134	0.7071067811865475
1211	411	289	0.27584540843963623	0.0019960079807788134	0.2886751345948129
1212	144	425	0.09009633213281631	0.0019960079807788134	0.4082482904638631
1213	491	461	0.031996216624975204	0.003992015961557627	0.05006261743217588
1214	144	309	0.33287736773490906	0.0019960079807788134	0.4082482904638631
1215	875	122	0.6120655536651611	0.0019960079807788134	0.3162277660168379
1216	324	461	0.05842756852507591	0.03393213450908661	0.044151078568834795
1217	143	258	0.6452361345291138	0.0019960079807788134	0.35355339059327373
1218	81	661	0.7213350534439087	0.0019960079807788134	0.4999999999999999
1219	319	546	0.5120738744735718	0.0019960079807788134	0.14285714285714288
1220	356	422	0.6855274438858032	0.0019960079807788134	0.35355339059327373
1221	891	461	0.009090683422982693	0.0019960079807788134	0.09365858115816939
1222	107	749	0.4029955565929413	0.049900200217962265	0.1336306209562122
1223	672	553	0.07061781734228134	0.0019960079807788134	0.4999999999999999
1224	675	257	0.5999550819396973	0.0019960079807788134	0.2886751345948129
1225	626	577	0.47092995047569275	0.0019960079807788134	0.7071067811865475
1226	14	11	0.3715907335281372	0.003992015961557627	0.7071067811865475
1227	106	420	0.18599455058574677	0.0019960079807788134	0.1825741858350554
1228	546	462	0.23889029026031494	0.013972056098282337	0.1336306209562122
1229	895	673	0.20117755234241486	0.0019960079807788134	0.10910894511799621
1230	906	686	0.13732017576694489	0.007984031923115253	0.1825741858350554
1231	740	587	0.33351144194602966	0.007984031923115253	0.1543033499620919
1232	650	875	0.20467683672904968	0.0019960079807788134	0.19999999999999998
1233	633	826	0.014848722144961357	0.015968063846230507	0.1543033499620919
1234	539	461	0.048654958605766296	0.0019960079807788134	0.05923488777590924
1235	393	255	0.16243824362754822	0.007984031923115253	0.12909944487358058
1236	683	454	0.3806443214416504	0.005988024175167084	0.2357022603955159
1237	868	462	0.13535678386688232	0.06986027956008911	0.11180339887498948
1238	107	462	0.19374550879001617	0.031936127692461014	0.1336306209562122
1239	444	610	0.49116551876068115	0.0019960079807788134	0.7071067811865475
1240	64	673	0.2525022029876709	0.003992015961557627	0.15430334996209194
1241	527	650	0.30451035499572754	0.013972056098282337	0.18257418583505539
1242	296	298	0.6428550481796265	0.007984031923115253	0.16666666666666666
1243	327	452	0.3001612424850464	0.041916169226169586	0.1666666666666667
1244	747	114	0.16131992638111115	0.0	0.4472135954999579
1245	647	532	0.3547797203063965	0.0019960079807788134	0.7071067811865475
1246	546	313	0.4146605134010315	0.01796407252550125	0.1336306209562122
1247	300	368	0.3774234354496002	0.003992015961557627	0.2886751345948129
1248	10	470	0.08406594395637512	0.0019960079807788134	0.31622776601683794
1249	153	328	0.6099144816398621	0.0019960079807788134	0.5773502691896258
1250	486	625	0.035826317965984344	0.0	0.5
1251	0	40	0.07472244650125504	0.0019960079807788134	0.26726124191242434
1252	342	479	0.7065848708152771	0.011976048350334167	0.08703882797784893
1253	612	468	0.4994482398033142	0.019960079342126846	0.12499999999999997
1254	873	461	0.031862322241067886	0.005988024175167084	0.05006261743217588
1255	823	149	1.0	0.0019960079807788134	0.7071067811865475
1256	329	190	0.4113371670246124	0.019960079342126846	0.14285714285714282
1257	507	118	0.5642485618591309	0.0019960079807788134	0.5
1258	799	461	0.028238655999302864	0.06187624856829643	0.054073807043587524
1259	652	43	0.060983460396528244	0.003992015961557627	0.25819888974716115
1260	631	461	0.06593707948923111	0.003992015961557627	0.06622661785325219
1261	632	227	0.5488768219947815	0.0019960079807788134	0.7071067811865475
1262	433	415	0.14831703901290894	0.0019960079807788134	0.3779644730092272
1263	479	600	0.34910258650779724	0.0019960079807788134	0.08703882797784893
1264	807	461	0.07100886106491089	0.0	0.05006261743217588
1265	889	475	0.49618595838546753	0.02594810351729393	0.1543033499620919
1266	185	716	0.8763777613639832	0.0379241518676281	0.1666666666666667
1267	299	229	1.0	0.5269461274147034	0.17677669529663687
1268	407	489	0.5863886475563049	0.009980039671063423	0.2357022603955159
1269	202	523	0.5863329768180847	0.0019960079807788134	0.3162277660168379
1270	877	789	0.33049365878105164	0.009980039671063423	0.2222222222222222
1271	256	252	0.09840589016675949	0.0019960079807788134	0.4082482904638631
1272	716	18	0.26029422879219055	0.007984031923115253	0.20412414523193154
1273	176	727	0.21299736201763153	0.005988024175167084	0.1666666666666667
1274	130	863	0.23914314806461334	0.0019960079807788134	0.35355339059327373
1275	407	519	0.15688495337963104	0.01796407252550125	0.2357022603955159
1276	724	121	0.6202346682548523	0.0019960079807788134	0.7071067811865475
1277	327	779	0.14217793941497803	0.049900200217962265	0.1543033499620919
1278	740	675	0.0804806649684906	0.013972056098282337	0.1666666666666667
1279	321	493	0.6007805466651917	0.023952096700668335	0.13363062095621217
1280	803	83	0.17809097468852997	0.0019960079807788134	0.4472135954999579
1281	367	612	0.5154669284820557	0.10379241406917572	0.09128709291752767
1282	771	165	0.7666623592376709	0.0019960079807788134	0.35355339059327373
1283	715	564	0.4438911974430084	0.003992015961557627	0.12499999999999997
1284	420	567	0.11337463557720184	0.013972056098282337	0.15811388300841897
1285	574	247	0.48835480213165283	0.0019960079807788134	0.5
1286	653	893	0.17944514751434326	0.0019960079807788134	0.14907119849998596
1287	377	461	0.0495469868183136	0.0019960079807788134	0.05923488777590924
1288	811	568	0.23135165870189667	0.005988024175167084	0.11396057645963795
1289	715	375	0.4113996922969818	0.003992015961557627	0.08574929257125441
1290	741	820	0.6784418225288391	0.0019960079807788134	0.25
1291	839	651	0.29169970750808716	0.015968063846230507	0.1666666666666667
1292	819	599	0.04319382086396217	0.01796407252550125	0.1690308509457033
1293	770	148	0.29045772552490234	0.0019960079807788134	0.7071067811865475
1294	80	400	0.2494896799325943	0.0019960079807788134	0.5
1295	654	720	0.6829801201820374	0.0019960079807788134	0.5
1296	245	127	0.11325552314519882	0.0019960079807788134	0.5773502691896258
1297	587	249	0.42207834124565125	0.0019960079807788134	0.26726124191242434
1298	96	262	0.08317778259515762	0.0	0.26726124191242434
1299	567	571	0.2736595571041107	0.003992015961557627	0.35355339059327373
1300	819	755	0.8197635412216187	0.003992015961557627	0.19999999999999998
1301	650	860	0.12224519997835159	0.0019960079807788134	0.4472135954999579
1302	544	704	0.16311506927013397	0.0019960079807788134	0.7071067811865475
1303	479	557	0.1477264016866684	0.009980039671063423	0.11785113019775795
1304	296	460	0.5226100087165833	0.015968063846230507	0.16666666666666666
1305	716	174	0.15993888676166534	0.005988024175167084	0.2357022603955159
1306	547	246	0.5387231111526489	0.003992015961557627	0.26726124191242434
1307	231	138	0.16996347904205322	0.0019960079807788134	0.5
1308	895	27	0.6284468173980713	0.0019960079807788134	0.4082482904638631
1309	516	761	0.45287057757377625	0.011976048350334167	0.14285714285714282
1310	264	722	0.6593427062034607	0.0	0.3162277660168379
