14980	1
721
1112
155
292
901
618
980
502
1050
598
342
704
678
276
895
1237
870
113
337
893
1150
71
741
1116
596
618
232
1075
1278
805
792
704
967
1101
72
680
238
870
113
1064
671
467
704
1267
772
276
113
870
517
78
671
124
71
538
437
573
973
870
517
665
476
467
870
113
61
1007
131
174
618
293
105
863
60
704
1267
772
236
704
1267
772
238
98
726
721
276
113
1055
457
476
71
20
149
595
4
166
721
238
128
83
636
704
967
890
622
206
172
721
236
1281
271
548
1179
618
980
828
217
870
113
61
631
940
564
870
895
982
9
642
704
1267
267
308
173
870
113
1064
1150
1228
71
741
490
699
730
721
236
399
265
1016
1147
71
538
493
1005
228
452
721
276
113
61
1007
721
276
895
1237
721
236
844
1291
318
618
293
105
1097
1275
618
293
105
502
71
538
493
222
981
446
704
1267
267
308
173
213
870
517
78
131
374
1029
618
232
851
113
61
618
232
1075
1231
704
1267
552
890
335
870
517
1127
446
618
293
557
851
981
672
704
1267
772
19
1277
704
967
628
31
297
775
71
20
300
1169
798
704
1267
267
504
269
992
870
895
982
954
704
1267
772
276
71
20
1266
244
482
721
276
895
550
721
1112
96
1292
315
849
618
232
1209
450
721
236
367
229
870
981
672
1222
61
870
981
446
1029
71
20
1266
1272
618
232
1209
450
1112
721
238
128
183
623
485
721
276
113
61
631
23
618
232
1034
1281
412
71
538
437
558
924
71
1058
766
1012
870
895
1237
78
870
895
550
836
624
812
721
1112
96
1292
1122
618
232
385
765
1247
464
71
20
1164
1181
425
1148
71
20
300
1108
618
293
105
828
1184
897
618
980
863
886
79
432
71
1058
962
193
509
870
113
1055
1139
170
161
870
113
1064
671
631
870
517
665
476
618
232
1034
367
797
201
721
238
1070
597
945
410
721
1112
180
399
870
113
337
476
71
1058
484
135
71
538
1145
351
113
618
293
105
863
618
293
676
227
113
870
895
550
39
420
1037
721
236
214
648
955
870
981
672
1238
870
981
954
665
374
1064
704
1267
267
1256
65
71
741
490
754
685
721
19
1243
475
895
618
293
105
863
266
71
1058
59
272
721
236
214
641
708
71
1058
59
1098
372
593
721
238
108
563
721
236
1281
271
582
618
980
863
1233
1182
1009
618
293
13
419
704
967
628
1279
704
678
238
37
383
71
20
300
336
321
1148
71
1058
766
821
865
71
741
1116
596
1187
1226
721
236
214
1074
618
293
557
385
256
870
517
1123
1029
240
71
20
300
197
71
1058
962
518
996
998
71
538
493
1005
228
704
1267
267
504
652
870
113
61
941
578
870
895
614
337
476
870
517
78
671
170
970
870
895
614
120
940
870
981
954
1123
704
1267
552
890
189
1088
721
238
108
1011
93
969
870
981
9
382
618
293
105
398
296
524
71
741
1190
1186
704
1267
552
890
404
704
1267
552
890
404
508
721
276
113
61
941
320
870
895
550
1109
1185
1086
71
741
1116
596
1187
1226
618
293
13
1216
113
870
981
9
642
704
678
1112
180
71
1058
153
1157
316
77
721
276
113
1055
71
20
149
595
430
870
981
446
61
941
618
293
13
249
682
704
1267
772
1112
16
807
721
19
480
745
721
238
1070
206
708
870
981
672
671
631
1123
71
470
1005
370
721
276
517
1123
71
1058
59
1098
721
236
367
75
381
704
678
19
480
870
113
61
631
618
293
13
419
62
870
517
1127
9
721
19
1277
1178
826
618
232
851
895
550
1109
704
678
276
895
614
337
618
980
828
1184
721
1112
96
225
71
20
300
279
704
678
1112
16
618
293
105
828
721
1112
155
777
71
538
1145
57
417
71
20
149
611
1215
364
71
470
222
517
1123
337
870
981
672
1222
337
476
870
895
550
888
95
618
293
105
398
704
1267
772
236
367
870
517
1127
9
642
123
704
1267
267
184
730
317
71
470
1202
924
988
71
741
1116
818
721
238
98
226
1130
704
1267
772
19
1277
1193
704
1267
267
184
730
704
1267
267
1256
1069
591
721
1112
16
807
71
741
246
730
317
721
19
480
1241
669
925
704
967
890
404
1008
1112
870
113
1064
131
476
631
71
20
1266
1305
25
618
232
1034
399
721
1112
180
367
366
721
236
844
302
721
236
399
912
237
850
870
113
337
893
1173
937
71
470
570
546
178
721
276
113
61
170
704
1267
772
19
71
741
246
1194
717
721
19
601
110
1281
412
71
741
490
902
1284
1299
704
1267
552
890
335
115
618
980
1097
909
689
121
870
517
1127
9
382
704
1267
491
1281
733
756
704
1267
772
236
721
276
517
78
721
236
214
1074
618
980
502
1121
704
1267
772
1112
155
704
678
1112
96
1292
1122
704
967
1101
772
236
721
276
113
61
631
665
870
113
120
665
704
678
236
399
704
967
1101
491
214
648
618
293
105
398
296
618
980
398
1159
450
721
236
214
641
172
71
1058
962
905
148
333
870
981
954
1123
1029
721
238
1070
1252
584
71
538
437
223
517
618
293
557
1075
721
19
480
738
16
71
1058
484
1254
517
618
293
13
419
815
440
870
113
61
467
618
293
557
1034
844
721
19
601
921
618
293
676
868
1047
721
1112
16
477
537
1293
721
276
895
614
1064
353
870
517
1123
1055
862
163
704
1267
491
1281
412
697
71
20
300
197
506
978
618
980
863
886
1041
870
895
982
672
1238
665
71
741
286
652
572
106
870
981
954
1123
71
1058
962
99
47
1052
618
293
676
503
1136
637
870
113
120
1127
704
1267
772
1112
870
981
9
707
704
1267
772
236
721
238
1070
597
618
293
557
385
704
1267
552
628
71
470
222
895
550
870
981
446
337
656
162
704
678
1112
180
399
67
618
232
385
574
1168
721
19
1243
602
721
238
98
551
721
1112
155
777
721
19
1243
1077
1288
81
618
980
828
441
517
870
895
614
1064
671
618
293
105
863
60
236
870
517
1123
337
476
941
704
1267
267
184
730
810
870
895
614
61
170
1033
870
981
672
1222
61
618
293
557
1075
721
236
367
797
392
1180
71
538
1145
845
870
895
1237
1123
1029
1246
618
232
1034
214
704
1267
491
1281
618
293
105
1097
505
71
470
1005
1213
113
618
293
13
1216
721
1112
180
399
1265
870
895
982
446
120
618
232
1034
1281
1253
1003
870
113
1064
671
721
238
98
985
644
704
678
236
1281
412
71
20
997
506
715
407
704
1267
772
19
601
71
741
1190
1284
299
71
741
1116
541
341
1010
704
1267
772
236
704
1267
772
1112
155
71
741
246
608
71
1058
484
509
47
185
870
113
1055
672
704
1267
772
238
108
115
721
276
113
61
170
71
741
246
730
810
71
470
1005
1213
113
337
870
113
337
150
862
1246
704
678
1112
155
71
1058
153
929
981
618
293
105
502
1136
721
238
108
1192
762
721
238
1070
93
870
517
1123
61
941
877
721
236
214
872
632
704
1267
491
399
1265
704
1267
267
308
1284
946
618
293
105
398
1159
1044
870
895
550
836
210
140
71
538
493
222
71
470
1005
370
870
981
446
337
668
618
232
851
113
61
721
276
981
446
337
668
618
293
557
1209
704
678
238
37
465
721
238
108
563
584
659
618
980
502
963
1068
71
1058
766
803
156
915
71
470
1079
790
870
895
550
39
71
470
1202
924
988
895
721
236
214
872
786
618
293
557
1209
1270
423
71
20
1164
1176
599
783
870
113
337
150
1139
721
1112
96
1292
112
618
980
502
1136
1166
871
721
236
367
229
771
870
113
61
170
970
870
113
337
150
672
870
895
1237
1127
71
470
222
895
550
836
71
741
1190
626
721
276
895
614
1055
1139
721
19
1243
7
1036
704
678
1112
16
618
980
863
1233
870
113
337
150
862
1246
704
678
19
977
439
71
741
490
699
608
891
71
470
222
981
954
665
870
981
672
131
668
23
71
20
1164
1176
63
704
967
628
500
322
721
276
895
614
71
538
1258
113
870
113
61
1007
1173
71
741
490
1069
744
1204
618
293
105
828
217
71
741
286
652
572
283
870
113
337
150
1139
1007
704
1267
491
399
265
994
71
741
246
730
317
242
721
19
1277
1193
721
276
113
337
618
980
1097
505
704
1267
267
308
721
19
977
918
926
844
721
236
214
872
284
1019
704
678
19
1243
475
517
71
538
1258
113
618
980
502
1050
721
19
480
874
71
538
493
1079
1309
592
870
981
9
382
202
1276
618
293
676
868
1047
844
618
232
385
349
740
870
517
78
1222
1055
704
678
236
214
870
113
61
1007
870
981
954
788
618
232
1075
1231
224
856
71
538
437
998
71
20
149
11
1280
704
678
236
399
265
721
238
108
1192
472
721
236
367
797
71
20
997
506
704
967
628
908
775
701
704
967
628
609
618
293
557
385
870
895
614
1064
131
26
71
741
1190
173
618
980
863
886
870
517
1123
337
656
704
1267
772
19
1277
618
293
557
1034
870
981
954
788
1007
870
113
1055
954
940
824
704
678
1112
155
618
232
1034
844
618
232
1034
367
75
381
870
517
1123
1055
457
721
19
977
1032
1207
329
71
538
1258
981
9
487
618
293
105
1097
618
293
105
502
1136
721
238
128
83
216
133
721
236
399
1265
257
725
870
113
61
170
161
306
870
113
61
170
556
820
618
232
1034
367
618
293
676
868
1308
618
232
1075
1278
313
750
618
232
1209
62
71
20
1164
359
71
538
437
223
895
614
870
517
78
353
446
704
1267
552
628
908
775
618
980
1097
505
294
71
741
490
902
704
1267
772
276
71
538
493
222
113
71
1058
153
199
618
293
676
379
276
517
704
678
276
895
870
113
61
467
672
704
1267
772
1112
96
225
618
980
502
1136
721
19
601
526
1251
71
470
1079
44
934
239
704
1267
552
628
704
1267
267
308
1186
52
721
19
480
1241
71
538
437
998
618
293
13
605
574
834
870
981
9
728
71
538
1258
895
614
120
870
113
337
476
721
236
367
75
704
1267
267
1256
754
33
721
19
1277
301
870
981
446
120
721
238
98
551
71
1058
766
821
1004
870
981
954
665
893
704
1267
491
367
375
429
721
238
37
281
588
618
293
557
1075
704
1267
491
399
618
980
828
132
1018
27
618
293
105
1097
1268
1053
721
238
98
298
618
293
13
605
579
870
517
665
374
71
538
493
570
870
113
337
26
1246
721
238
98
551
71
538
1258
113
1064
131
71
470
1079
44
774
71
1058
153
199
870
113
61
631
870
981
9
382
721
236
844
302
1110
895
71
470
1005
370
870
113
61
1007
870
517
665
150
672
704
967
628
31
739
102
618
293
13
249
721
238
98
298
618
293
676
503
704
1267
772
236
214
641
71
538
1145
827
870
517
1123
61
1007
353
71
741
1190
1186
168
618
980
398
423
870
981
446
1064
721
238
37
383
675
704
967
628
609
870
113
61
170
618
980
863
1233
483
704
1267
552
890
335
618
980
828
1184
721
1112
96
225
1046
721
19
1243
14
618
980
398
27
870
517
665
374
1029
71
470
222
113
61
170
721
238
1070
951
704
1267
491
1281
1253
625
704
678
19
1277
721
236
844
1291
56
1117
618
293
13
1216
113
870
981
954
1123
1064
1173
71
20
1164
287
603
972
618
293
557
851
895
870
517
1123
1029
71
1058
962
518
1230
913
704
967
628
908
514
704
678
276
517
1127
618
293
676
868
580
330
704
1267
552
890
704
678
276
113
704
1267
491
214
641
618
293
557
1034
1281
1253
71
741
246
1194
721
238
98
985
644
870
517
78
131
374
71
20
1164
287
1140
191
870
895
1237
78
131
374
704
1267
491
844
1291
388
71
470
1005
370
694
714
704
967
628
609
71
538
493
1005
228
1087
618
232
1209
62
947
618
293
13
249
250
1084
721
19
480
1241
1163
71
20
149
595
430
71
741
490
65
269
71
20
1164
359
415
71
470
570
280
278
618
980
398
423
71
470
570
694
943
870
895
614
1064
721
238
128
83
1303
71
470
1202
452
618
293
557
1209
857
71
741
490
902
1284
870
113
1055
457
476
631
71
538
1145
845
618
293
105
398
27
673
71
1058
153
377
393
71
20
149
611
71
538
1258
113
120
618
293
13
1216
113
61
721
236
399
1265
618
293
676
503
1050
618
232
385
579
68
870
981
672
1222
348
71
741
246
730
704
1267
491
399
912
618
232
385
349
182
721
236
1281
1253
71
538
1145
845
618
232
851
517
665
704
678
276
113
61
467
71
741
1190
173
71
538
51
722
543
981
870
981
9
487
255
171
721
1112
155
1304
71
20
997
425
323
721
19
977
1032
1288
618
293
13
249
250
618
293
105
863
60
238
870
113
61
941
320
704
967
1101
491
844
177
71
741
1116
596
5
721
238
128
763
721
276
981
446
120
788
870
895
1237
1127
446
337
870
113
337
476
170
71
538
1258
517
1123
337
721
19
977
439
870
113
1055
457
656
618
293
105
1097
1275
285
870
113
337
893
353
192
618
293
105
502
1136
71
1058
59
1061
870
517
1123
1064
131
656
618
980
1097
505
143
716
704
1267
491
1281
704
678
276
981
672
1222
721
19
977
439
981
870
895
614
1064
353
71
20
997
425
1148
795
71
741
1190
173
519
704
1267
552
890
335
721
238
98
985
567
619
618
980
863
886
704
678
276
895
550
836
618
293
13
419
618
293
105
1097
618
232
1209
450
1112
721
19
601
921
1288
81
618
232
1034
399
1265
633
870
113
337
668
71
1058
484
489
721
276
517
78
353
870
981
9
642
859
1199
870
981
954
665
374
662
618
980
398
296
200
71
1058
766
821
373
1031
870
981
9
707
1040
85
71
741
286
304
719
870
113
337
26
240
618
293
13
1216
870
113
1064
671
71
470
1079
205
764
1146
71
1058
766
821
1004
1249
704
1267
552
890
404
392
870
981
954
788
1007
131
704
1267
552
628
71
470
1202
125
453
618
293
13
1216
517
704
1267
267
590
704
1267
267
590
721
236
1281
271
870
113
1064
1150
721
1112
96
225
1022
71
20
149
595
690
1302
870
113
337
668
1127
71
1058
766
803
1174
900
618
293
557
1075
870
895
1237
1123
1029
618
293
557
1034
844
302
704
967
1101
267
590
721
19
977
612
618
980
398
27
756
721
19
977
1032
1207
71
470
570
280
1114
71
470
222
895
614
71
1058
59
627
870
113
61
941
877
1013
704
678
1112
180
214
872
870
981
446
1029
1228
788
71
741
246
730
810
638
870
113
1064
131
476
467
71
1058
59
847
604
71
538
1145
845
435
721
1112
180
1281
733
673
71
20
1164
1181
1071
1149
618
293
13
249
618
293
676
868
1229
721
276
895
1237
78
704
1267
267
1256
704
678
236
1281
618
293
105
863
1233
203
704
678
1112
96
225
870
981
446
61
941
578
704
1267
552
628
870
517
1127
446
61
618
293
676
227
113
721
238
37
94
618
293
105
1097
505
704
967
628
500
58
721
238
108
115
260
721
1112
155
292
704
1267
552
628
618
232
851
981
704
678
276
113
120
721
276
981
672
71
1058
962
193
870
113
120
78
353
704
1267
267
504
188
721
1112
16
807
618
232
1209
857
618
293
105
502
870
517
665
150
672
704
967
890
404
1008
870
895
614
1055
1139
870
895
614
61
467
71
538
437
998
721
276
895
982
446
1064
704
1267
267
1256
618
293
676
868
1047
844
71
538
493
570
559
842
870
113
337
150
672
1173
870
895
982
446
1064
1173
721
276
895
614
1055
9
704
967
890
629
195
618
293
105
863
266
1307
721
1112
180
367
229
618
293
13
419
721
276
517
1123
71
470
570
1200
1142
1196
618
293
105
863
60
236
71
1058
153
18
782
212
721
1112
96
225
664
1208
870
517
1127
672
1222
348
870
981
446
1064
131
704
1267
491
367
229
71
20
1266
1272
169
575
870
981
446
61
870
981
672
131
668
940
71
538
1258
113
870
113
1055
9
71
470
570
546
721
236
1281
271
548
327
71
1058
59
1098
746
704
1267
552
890
335
618
293
13
249
682
721
276
517
1127
446
1064
618
293
105
1097
909
689
721
276
113
337
26
721
1112
180
844
749
402
870
113
337
26
704
678
19
480
738
96
71
538
51
394
481
751
721
276
517
665
71
20
1164
522
151
1201
704
1267
772
19
704
967
1101
267
308
721
236
844
1291
388
923
870
895
1237
1123
71
470
1202
1087
704
967
890
404
201
1144
618
293
105
863
1233
71
538
437
453
721
19
480
738
870
113
337
150
9
71
538
1145
827
618
980
502
1121
870
895
614
120
788
789
870
113
1055
954
78
870
113
120
1127
618
293
676
868
580
704
1267
772
19
601
870
113
337
150
862
1246
721
276
895
614
337
704
967
1101
491
399
67
618
980
1097
909
689
870
981
446
120
721
236
1281
1019
721
276
113
337
893
1173
618
293
13
927
704
967
890
622
1252
71
1058
153
1157
316
8
870
517
1123
1029
704
1267
491
214
486
979
618
293
557
1075
1231
808
704
967
628
31
755
572
870
113
1055
672
704
1267
772
19
977
870
895
614
1064
131
26
71
20
149
611
870
517
1123
1029
163
71
1058
153
929
618
980
863
698
517
618
293
105
1097
71
20
1266
1305
870
895
614
120
78
671
71
20
1266
576
704
1267
491
844
749
71
20
149
11
650
696
618
293
105
1097
909
870
113
1055
672
671
170
870
113
337
26
240
704
1267
552
890
721
19
977
1032
704
967
628
500
618
293
13
249
1023
477
618
293
676
503
963
948
618
293
557
1034
1281
721
1112
180
399
618
293
676
227
704
1267
772
236
367
870
113
120
78
1150
163
870
517
665
374
704
1267
772
19
71
20
997
425
323
618
293
105
398
793
870
113
1064
671
170
721
19
480
745
583
704
1267
267
1256
699
608
618
293
557
1209
62
224
721
1112
96
225
704
1267
552
890
71
1058
766
1128
84
1087
870
895
1237
1127
9
870
981
954
1123
348
721
1112
155
1084
649
870
113
61
467
704
1267
491
844
177
524
618
980
863
698
113
1064
71
470
1079
790
724
870
981
954
1123
618
293
105
828
536
870
113
1055
672
870
517
665
476
124
721
236
214
641
172
618
293
105
1097
505
704
1267
491
367
75
618
293
676
379
276
113
721
19
1277
1178
122
721
238
128
83
1303
451
721
236
214
486
658
1105
71
538
51
394
481
618
980
1097
731
683
91
71
20
997
1071
407
864
721
238
108
115
260
870
113
1064
131
26
721
19
977
612
326
93
618
293
676
379
618
980
828
217
742
667
721
19
601
526
801
1255
870
113
1055
672
721
1112
180
367
366
71
741
286
188
721
1112
180
214
486
870
517
665
374
1055
862
721
276
113
120
940
618
232
1034
214
704
1267
552
628
618
980
828
132
1113
71
1058
766
803
111
848
704
1267
772
19
704
678
1112
96
1292
528
870
981
672
1222
348
618
232
851
981
9
707
618
232
385
256
1102
1143
721
236
214
486
535
779
704
1267
772
238
37
635
870
517
1127
457
893
618
293
105
863
870
895
1237
1123
1055
672
721
276
113
120
1127
457
870
895
614
337
721
276
517
1127
870
981
446
1064
1150
870
517
78
131
71
1058
962
884
113
721
236
367
366
883
760
618
293
676
227
517
1123
721
236
844
442
931
791
618
293
105
1097
1268
704
678
276
517
618
293
13
1216
113
71
1058
484
643
518
1172
870
113
61
467
954
940
71
741
246
730
679
618
980
502
666
531
1078
870
113
61
941
71
20
1266
576
71
1058
766
119
436
71
538
1145
57
417
384
704
1267
772
276
113
71
538
51
1057
71
1058
484
135
148
640
71
470
570
559
839
21
870
895
614
1064
870
895
614
61
631
870
895
1237
1123
1029
71
20
149
595
704
1267
772
1112
155
71
1058
766
1128
568
870
517
1123
1064
618
232
1034
844
1291
71
1058
962
99
71
470
1005
228
924
988
721
276
981
672
71
20
300
1169
704
1267
491
367
71
470
222
895
982
446
71
538
493
1202
452
1260
618
980
1097
1275
721
276
981
446
61
789
721
236
367
375
562
496
618
293
13
249
71
20
1164
359
218
870
113
337
26
870
113
61
467
9
487
71
538
1258
113
61
170
618
232
1075
1278
1224
126
704
1267
267
184
1194
721
236
214
486
535
71
538
1258
895
704
967
1101
772
71
20
997
1071
1149
252
870
895
614
1055
9
728
870
981
446
1029
1228
71
741
1190
626
565
71
741
1190
1056
860
704
678
1112
96
721
19
1277
959
870
113
1055
954
78
671
704
1267
772
19
480
721
1112
155
1304
1065
974
721
1112
155
1304
138
387
704
678
1112
155
721
276
517
1127
704
1267
772
276
517
1127
704
1267
552
890
622
618
293
557
851
113
61
870
981
954
78
131
374
618
980
502
963
1068
71
741
286
652
618
293
105
863
71
470
1079
1309
71
538
1145
57
894
960
721
236
214
486
658
1105
870
113
120
78
353
862
71
470
1202
452
704
1267
491
367
75
870
517
665
150
870
517
1127
672
1222
662
870
113
1055
672
671
704
678
276
981
446
704
678
1112
96
721
238
1070
1252
870
981
9
642
859
870
517
665
150
71
538
1258
113
337
870
981
672
1238
704
967
628
1279
617
58
618
293
13
1216
113
337
721
238
108
563
636
618
980
398
423
625
473
721
19
480
738
155
704
1267
772
276
517
1123
618
293
557
1209
62
870
113
120
788
1007
131
870
981
446
61
1007
1238
870
981
446
1064
671
618
293
105
863
266
1103
618
293
676
503
870
113
1055
9
721
19
1277
959
846
895
704
1267
491
399
618
232
385
349
182
459
704
1267
772
19
977
1235
618
293
105
863
60
618
293
557
385
349
618
232
385
765
45
721
276
113
1064
353
870
895
1237
1123
1029
721
19
1277
1193
64
852
721
1112
155
777
703
618
980
863
698
71
538
1258
113
61
618
293
105
502
704
678
236
214
71
538
1258
113
337
71
470
570
559
839
71
470
1202
1059
554
670
870
981
446
337
656
704
967
890
629
74
713
71
538
1258
517
1127
446
721
1112
155
292
677
721
1112
16
621
1167
777
870
517
1123
1029
824
656
71
1058
484
643
365
721
1112
16
621
870
895
614
1064
870
113
120
78
1173
937
870
981
672
1238
940
163
721
236
367
797
392
653
870
517
78
671
124
721
236
1281
412
618
293
557
1209
721
1112
16
807
938
90
71
741
1190
1186
334
1100
71
538
493
1005
275
769
71
538
1258
113
71
20
1164
522
1091
618
232
1034
1281
721
276
895
1237
1123
721
238
37
94
1104
618
232
1034
1281
870
895
550
836
71
538
437
558
452
1260
870
895
1237
1123
1029
71
470
1005
370
546
1287
71
20
149
957
870
517
1127
457
893
1150
704
1267
267
184
618
232
851
113
61
170
704
1267
552
628
31
704
967
890
629
898
704
1267
491
1281
870
113
1055
672
870
517
78
131
150
870
981
446
61
721
238
1070
597
945
870
981
446
61
170
970
721
19
480
1241
1232
474
721
1112
16
477
71
538
1258
981
446
721
19
977
1032
270
620
71
538
1145
351
113
870
113
1064
131
721
19
1243
602
870
517
78
671
941
578
704
1267
552
628
500
1119
704
1267
772
276
113
870
113
61
170
161
721
1112
155
292
952
1294
721
19
1243
475
895
71
538
1258
981
446
337
721
238
1070
597
702
511
704
1267
491
399
912
237
870
113
120
78
618
980
1097
909
704
1267
491
367
375
704
967
628
609
71
1058
766
119
876
1005
618
980
502
963
1068
870
895
982
672
1222
71
741
1190
1186
618
293
13
1216
981
721
19
1243
602
71
1058
962
518
1230
721
276
517
1123
61
618
293
105
1097
1268
71
741
246
730
317
704
1267
772
1112
16
704
967
1101
772
238
108
71
20
997
425
323
721
19
1277
301
71
20
300
197
506
1306
704
1267
772
236
71
741
1190
1284
299
71
741
490
902
704
967
1101
267
704
1267
267
184
721
1112
96
225
15
175
870
981
672
1222
61
870
517
1123
1055
870
517
1123
1055
870
517
78
1222
704
1267
772
236
721
238
1070
597
870
113
120
940
240
71
741
1190
173
721
236
399
771
10
307
618
293
13
605
618
293
557
1075
721
276
981
954
788
941
704
1267
772
1112
180
870
113
337
893
671
618
232
1209
450
721
238
108
563
584
618
293
557
1075
942
586
704
678
238
1070
951
704
678
238
37
94
1
618
980
1097
731
152
461
870
113
61
170
1033
686
71
470
570
559
822
861
721
276
895
1237
665
870
517
665
374
1055
704
967
628
609
721
236
1281
1019
1151
636
618
293
13
249
250
292
618
232
851
981
71
20
149
595
618
293
557
1034
704
1267
267
590
71
741
1190
1056
618
293
13
419
1270
704
1267
267
308
1284
721
236
399
1265
53
1038
71
538
51
130
107
840
870
113
61
631
940
71
538
1258
113
1055
9
704
1267
772
236
844
1291
721
19
1277
853
870
981
446
1029
1228
788
618
293
13
249
71
1058
59
627
995
1073
71
1058
766
803
618
232
385
349
748
721
236
1281
1253
402
721
238
37
465
1081
721
238
128
763
721
19
601
921
566
71
538
1145
827
424
70
71
470
570
559
194
721
236
399
67
200
704
1267
772
276
981
870
895
550
836
721
19
601
510
618
293
676
227
517
618
293
676
379
721
276
113
1064
1150
618
293
13
419
450
71
538
493
1079
1309
542
870
113
337
26
240
671
618
293
105
1097
704
1267
491
367
229
704
1267
491
214
1074
704
967
628
31
297
618
232
851
113
1055
71
741
1116
916
425
323
721
276
113
61
1007
131
721
238
98
226
1236
354
618
293
13
1216
895
1237
71
1058
962
193
618
293
13
249
1023
387
721
236
844
442
616
976
870
113
337
893
1238
23
721
238
128
183
721
236
1281
733
71
20
997
425
323
870
113
120
1127
672
618
293
13
605
721
236
844
1291
721
276
113
120
1127
704
1267
267
590
1124
968
704
1267
772
1112
155
618
293
105
828
71
538
1258
113
1055
721
19
601
110
870
895
614
1055
721
238
108
1011
951
71
470
1202
125
721
236
214
648
71
1058
484
643
905
1120
71
1058
484
135
870
113
1055
9
487
357
618
980
863
266
1002
983
618
980
863
886
704
678
1112
96
225
618
980
863
886
1041
691
704
1267
552
628
500
618
293
105
1097
1275
456
618
980
1097
505
71
538
437
998
443
618
232
1075
157
1216
517
71
20
300
279
1066
1190
71
741
1190
1284
1299
416
704
1267
267
590
618
980
828
1184
897
486
618
293
105
863
698
71
20
1266
576
363
618
293
676
868
580
330
618
293
676
227
517
78
618
293
105
828
217
721
238
98
985
1198
870
113
120
788
789
721
236
844
177
447
833
704
967
628
1279
71
741
286
652
721
238
128
183
414
1263
721
276
517
1127
870
981
446
1064
618
293
557
385
574
870
981
446
61
941
320
71
1058
962
905
723
618
293
13
605
765
1247
721
1112
96
1292
528
347
618
293
557
1034
367
375
721
276
981
446
704
1267
267
184
71
538
1145
57
880
71
470
1202
125
906
1172
870
981
954
788
1007
1222
618
293
13
249
389
225
71
538
437
558
1059
663
704
1267
491
1281
704
967
628
908
261
71
470
1005
275
721
1112
16
807
989
721
236
214
648
870
113
61
941
704
967
1101
772
870
113
337
26
564
618
293
13
249
250
721
238
128
83
704
1267
552
890
189
431
870
113
1055
954
23
651
618
232
851
895
704
1267
491
1281
1253
618
293
13
1216
981
870
895
614
1064
618
980
398
423
402
922
704
678
236
367
75
870
517
1123
61
1007
353
870
895
614
61
941
877
870
113
120
788
789
71
538
1258
113
337
704
1267
267
308
1186
168
618
980
863
1233
870
895
1237
1123
61
71
741
286
652
66
2
870
113
120
940
1246
914
618
293
13
249
682
71
538
493
570
559
721
238
1070
93
986
71
741
1116
818
397
870
113
61
467
954
704
967
890
404
508
1106
721
238
128
183
681
870
113
337
150
9
721
236
844
177
447
1285
618
293
557
1034
367
618
293
13
605
765
721
276
113
1064
71
20
1266
576
378
743
870
981
672
1222
348
706
870
981
954
78
1222
1029
618
293
557
851
704
1267
267
504
721
1112
16
387
618
293
105
863
704
967
890
189
1088
93
71
741
246
1194
618
293
105
1097
870
517
1123
1055
71
538
51
130
721
276
113
120
788
170
704
678
276
517
78
870
895
982
446
618
293
105
502
666
71
20
1266
244
1001
618
980
828
536
264
594
721
276
517
1127
71
470
1202
924
540
1261
618
232
385
579
259
422
721
276
895
982
446
337
71
470
1079
44
71
538
51
130
618
293
105
398
423
704
1267
491
214
870
113
61
941
870
981
446
337
668
78
618
293
676
1024
1279
711
704
1267
772
19
870
981
954
1123
870
895
1237
1127
672
131
618
293
105
502
963
71
538
1145
351
517
721
276
113
337
893
353
618
293
105
502
963
71
1058
766
1128
870
895
550
836
210
704
1267
772
19
1277
959
870
517
1123
61
1007
1150
71
741
1116
718
1227
173
704
1267
772
238
1070
206
704
1267
267
1256
618
293
676
868
817
780
71
470
1202
452
24
1175
704
1267
267
308
626
618
293
13
419
857
721
1112
180
399
1265
38
721
236
214
486
535
779
721
276
113
1055
457
656
721
19
1243
14
391
1118
618
980
398
27
721
1112
180
1281
721
238
37
465
539
71
470
1079
205
1230
48
721
19
480
745
1036
721
276
113
1064
131
656
721
236
214
872
618
293
557
385
349
748
618
293
676
227
704
967
890
622
71
20
997
1071
618
293
676
379
236
367
704
1267
491
1281
1253
1062
870
895
614
1064
1238
788
870
895
614
1055
672
721
238
98
985
721
238
98
985
644
753
71
1058
153
1157
316
618
293
676
868
71
20
1164
1181
506
71
20
1164
359
218
400
704
1267
772
238
108
1011
704
1267
772
238
1070
1252
618
980
1097
1268
870
981
672
1238
940
870
517
665
374
1055
1139
618
232
1209
1270
618
293
676
227
113
721
236
214
648
1060
256
870
981
446
1029
1228
78
870
981
9
707
160
870
981
9
642
859
471
704
678
19
1243
602
155
721
236
1281
271
582
448
71
470
1005
228
1087
646
721
238
98
985
1211
975
704
1267
267
308
626
331
704
967
628
609
721
238
128
83
216
133
618
293
13
1216
721
238
108
268
721
236
1281
1019
71
20
997
1071
407
71
538
51
130
692
360
870
517
78
353
721
1112
96
225
618
293
105
502
1136
637
721
276
517
1127
457
374
704
1267
552
628
1279
816
704
1267
772
19
601
704
678
276
895
1237
618
232
851
113
61
170
721
236
367
797
1107
127
870
113
61
1007
131
71
1058
153
199
587
704
1267
772
238
721
19
1277
959
211
274
71
470
1079
790
724
1076
704
967
1101
772
721
276
895
614
120
788
704
678
238
98
71
20
997
506
1306
1148
721
276
981
446
1029
618
980
828
441
517
1123
71
741
1116
718
721
276
113
1064
671
618
293
676
503
618
293
676
1024
31
755
704
1267
552
890
189
431
870
113
337
668
940
564
618
293
105
502
71
741
246
1194
231
433
870
113
337
893
71
20
149
11
870
981
446
120
78
618
232
385
256
71
741
1190
173
704
1267
772
238
128
618
293
557
385
579
704
678
238
128
183
618
980
828
441
618
293
105
1097
1275
870
113
1064
131
150
870
113
1064
353
954
704
1267
491
1281
1253
1062
704
1267
772
1112
71
538
1258
981
446
870
113
1064
671
870
517
78
131
26
870
981
446
120
71
470
1079
928
924
159
71
20
997
506
715
129
71
20
300
279
721
276
895
614
120
940
71
538
1258
113
120
940
71
20
149
957
870
113
1064
1238
665
26
618
232
385
579
259
338
870
895
982
672
1238
618
293
105
1097
704
678
236
844
177
704
678
276
895
721
238
37
94
618
293
676
1024
31
71
1058
962
518
1230
48
870
517
1127
457
893
1222
721
236
367
75
381
560
870
981
446
120
940
163
870
113
1055
9
71
20
149
611
71
470
1079
790
1282
721
236
367
375
237
721
1112
96
1292
911
3
71
470
570
694
71
741
286
188
618
293
557
1209
721
276
895
1237
704
967
1101
72
71
538
51
1111
71
538
1258
113
337
618
293
676
503
1121
82
870
517
1123
1064
353
870
113
120
788
467
721
1112
16
387
479
618
293
676
379
618
293
105
1097
731
870
981
446
337
656
651
721
276
113
1064
704
1267
772
238
37
721
1112
155
292
952
618
232
851
895
614
337
704
967
890
189
1088
704
1267
552
628
1017
572
618
293
557
1075
704
967
628
609
72
618
980
502
963
948
870
981
954
788
170
71
470
222
113
1055
618
293
105
1097
731
917
618
293
676
379
721
19
977
612
1177
1303
721
1112
155
1084
1273
721
276
517
1123
1064
721
238
37
383
675
721
1112
16
621
618
293
105
828
536
870
981
446
1029
163
498
71
20
1164
1176
1214
704
678
238
37
635
1000
704
1267
552
890
189
721
238
108
563
636
681
870
981
446
337
870
895
614
61
618
293
105
828
536
618
293
105
398
423
704
1267
552
628
870
895
614
1055
457
668
721
276
113
120
940
240
71
741
1116
916
506
715
721
276
113
337
476
631
618
980
502
666
215
264
721
276
981
954
721
1112
180
214
618
232
851
113
721
236
367
229
1265
38
870
113
337
893
1150
870
517
1123
1064
71
741
1116
718
607
721
1112
96
1300
796
618
980
398
423
625
618
232
1034
367
721
238
108
115
721
236
214
872
284
71
20
1266
576
721
276
113
120
940
1246
721
1112
155
777
1240
721
238
108
1192
870
517
1123
1064
353
457
721
19
1243
14
533
1170
618
232
1034
844
71
20
997
425
1148
618
980
863
886
118
870
981
446
337
704
678
238
1070
870
113
337
668
940
870
981
672
671
170
71
470
1079
928
452
71
741
1116
718
607
704
678
236
844
177
524
71
20
149
615
919
144
618
293
13
605
574
870
895
614
61
618
293
105
502
1050
721
276
113
1055
457
893
618
980
828
217
147
721
238
1070
951
1166
814
870
981
954
1123
61
1219
870
113
1064
353
71
1058
766
119
145
704
1267
772
236
214
872
704
967
628
1279
462
870
517
665
476
721
238
37
281
101
721
1112
155
292
71
470
222
113
1064
618
293
105
1097
704
1267
267
308
870
895
1237
665
374
704
1267
772
1112
16
704
1267
772
19
870
895
1237
1127
721
276
113
1064
671
618
980
502
963
704
1267
552
890
622
870
981
672
131
721
276
895
614
337
618
293
105
398
704
1267
267
184
704
1267
772
236
399
721
19
977
1235
704
1267
772
238
721
276
517
665
476
704
678
19
1243
7
870
517
1123
1064
671
704
1267
552
890
404
870
981
446
61
704
678
236
844
442
468
704
1267
267
308
173
289
71
538
1145
351
113
337
870
981
672
1238
704
1267
772
276
517
71
538
1258
517
1123
870
895
550
1109
721
238
37
465
589
1092
721
236
844
442
725
1182
704
1267
772
276
517
618
293
676
1024
500
1283
870
981
446
1029
721
238
37
465
589
870
113
337
893
1173
162
870
113
1055
9
870
113
337
668
1127
870
113
1055
954
23
1248
71
20
1164
287
767
1210
704
1267
772
238
37
94
870
895
550
829
961
71
20
997
506
252
721
1112
155
292
901
704
678
236
1281
1253
1062
71
538
493
222
870
113
61
170
618
293
105
863
266
71
470
570
559
822
71
741
1116
541
907
71
20
1164
1176
610
71
20
1164
522
151
618
980
863
1233
483
421
704
1267
772
238
721
238
128
763
451
704
678
238
98
726
618
232
1034
214
486
979
870
113
337
668
618
293
557
1034
704
1267
267
590
1124
721
1112
16
621
870
113
61
1007
71
470
570
546
1020
1245
618
980
502
1136
1166
71
20
149
957
71
1058
59
627
593
870
113
120
1127
672
870
895
982
9
704
678
238
1070
951
761
721
236
214
641
708
282
721
1112
180
367
797
392
870
895
982
954
721
276
113
61
170
721
19
480
1241
1301
71
538
1145
351
981
71
538
437
573
973
71
470
1005
370
694
704
1267
267
590
1171
831
870
113
1064
1150
618
232
1034
399
1265
704
1267
772
238
128
618
232
1075
942
939
618
293
105
1097
1275
285
704
678
238
128
183
71
741
246
1194
71
470
1202
1059
935
1125
721
276
981
446
1029
824
704
678
19
601
526
926
618
232
1034
844
749
625
71
538
437
573
525
645
721
276
981
446
120
721
236
367
375
408
704
678
236
1281
1019
41
71
538
1258
895
614
1055
870
517
1123
1064
618
293
557
851
895
614
618
293
557
851
704
1267
552
890
622
618
293
105
1097
505
830
721
1112
180
214
648
721
238
128
83
721
238
98
298
1234
721
236
399
265
1016
870
895
982
672
671
941
870
517
1123
1029
564
192
71
20
300
197
425
870
895
1237
1127
9
382
71
20
300
197
506
704
1267
552
628
704
967
1101
772
19
71
741
246
1194
1158
1093
870
895
614
337
668
71
470
1202
1059
663
721
1112
155
1304
1065
618
293
13
1216
113
1055
704
1267
772
238
98
726
704
1267
772
1112
16
387
870
895
614
1055
71
741
490
902
704
678
276
113
337
721
276
517
1127
71
470
1005
228
125
704
1267
772
276
113
618
232
851
113
721
236
844
442
616
870
113
1055
954
704
1267
772
236
1281
618
293
676
503
870
113
1055
954
665
174
870
517
1127
9
618
232
1075
157
927
103
704
1267
267
308
626
870
981
954
665
26
71
741
246
608
549
704
967
890
629
841
600
618
293
105
502
963
704
678
276
895
550
39
618
293
105
863
60
1112
704
1267
772
276
895
982
618
293
676
379
721
276
981
446
120
704
1267
772
238
98
985
71
1058
484
489
910
137
721
238
98
298
1205
1239
721
238
128
183
1025
281
721
236
214
1074
721
19
601
526
618
232
385
349
71
470
1079
1309
198
618
293
676
868
618
293
105
863
71
538
1145
827
71
20
997
1071
1149
721
1112
155
1084
956
1257
618
293
676
227
71
1058
766
821
865
704
1267
491
844
721
238
98
226
1130
618
293
105
398
423
625
704
1267
491
214
1074
1088
618
293
105
398
793
870
895
614
1064
131
476
721
276
113
1055
9
870
895
1237
1127
870
113
1055
1139
789
71
20
149
957
28
555
870
113
61
941
877
885
618
293
13
1216
895
614
618
293
676
1024
1279
704
678
1112
180
367
75
618
980
502
963
248
1218
870
113
1064
353
618
232
385
574
834
71
741
286
652
245
704
967
1101
772
721
1112
155
1304
870
113
61
1007
131
656
704
1267
267
590
512
494
870
113
337
476
721
276
113
337
150
721
236
214
648
721
276
517
78
353
446
870
517
1123
61
1007
71
20
1266
1305
355
71
20
1164
1176
1212
618
293
105
863
886
118
704
967
1101
491
71
20
149
611
618
232
1209
62
71
20
1266
1272
71
538
493
1005
228
924
704
967
890
622
951
704
967
1101
772
238
721
1112
155
1084
956
532
618
980
1097
505
71
538
1145
351
981
446
71
1058
962
99
47
704
1267
772
19
1243
475
721
238
37
94
618
293
105
863
704
1267
772
1112
618
293
105
863
886
118
721
238
108
268
985
721
276
113
337
26
618
232
1209
62
1297
32
870
895
614
337
721
276
113
120
78
1173
618
293
676
868
704
678
276
517
1123
337
721
238
108
1192
762
618
232
1075
1278
704
1267
491
844
302
618
293
676
227
870
895
614
337
71
1058
962
518
1172
71
741
286
494
1217
693
704
1267
552
890
721
276
895
614
71
538
51
1057
735
721
238
128
83
1303
655
71
20
149
615
704
1267
491
399
265
721
276
113
337
721
1112
155
1304
71
1058
153
929
113
618
293
676
503
870
113
61
170
870
895
550
888
870
895
614
1055
618
293
105
863
71
470
1079
1309
870
113
1064
353
457
656
704
1267
552
890
622
93
71
538
51
1057
618
232
851
517
870
895
1237
78
721
276
517
665
721
19
1243
1077
332
721
1112
180
399
71
741
246
1194
529
71
741
286
494
870
981
446
1029
618
293
557
1075
870
113
1064
353
862
71
20
1266
244
870
981
672
1222
704
678
1112
16
477
466
721
1112
155
292
721
276
113
61
618
980
398
296
447
704
1267
772
19
1277
618
232
385
765
606
618
293
557
1209
450
19
721
1112
16
807
729
71
538
51
130
107
571
71
741
490
65
870
981
672
671
631
940
704
678
276
895
550
888
870
981
446
61
71
20
997
1071
1149
618
293
105
1097
731
757
870
113
1064
671
721
276
113
1064
1238
788
71
20
1266
244
1001
837
704
1267
552
890
618
980
502
1136
418
235
618
980
398
423
870
113
1055
9
642
721
1112
180
399
618
293
105
863
698
981
704
1267
772
19
870
517
1127
457
893
1150
721
276
113
1064
704
1267
552
890
404
870
981
672
131
870
113
1055
9
642
704
1267
772
276
981
672
618
980
828
132
179
781
870
895
1237
665
721
1112
96
225
870
895
550
836
618
293
105
398
870
113
337
150
618
293
105
398
423
71
1058
766
1012
823
517
721
1112
155
1084
1273
870
113
61
941
71
1058
962
99
47
721
236
399
1265
633
343
704
678
238
1070
704
967
1101
491
704
967
1101
72
1206
870
517
78
671
467
446
618
293
105
863
870
981
9
642
1165
892
618
232
1075
1231
870
517
1127
446
61
941
71
470
222
981
954
721
1112
155
1084
390
657
618
293
557
385
256
1102
704
1267
491
844
749
618
293
557
1075
1278
804
870
895
550
1109
870
113
61
170
721
236
399
67
721
236
844
302
712
444
870
517
1123
61
721
236
1281
1019
1151
216
870
895
614
61
721
19
480
738
618
293
105
863
60
704
1267
772
19
618
293
105
1097
618
293
105
502
963
1068
721
238
37
94
1104
1160
870
895
614
120
1127
457
618
293
676
1024
609
552
870
113
1064
1238
618
980
1097
1275
71
741
490
699
730
1131
71
538
1258
113
61
170
721
1112
96
225
721
1112
16
477
1259
1043
71
20
300
279
116
208
71
1058
484
643
870
981
9
707
160
396
704
1267
772
236
367
71
20
300
279
870
113
337
476
941
721
236
1281
1019
870
981
672
671
631
665
704
967
628
1279
499
704
1267
552
890
629
704
1267
772
19
618
293
676
379
236
367
721
238
37
383
569
618
293
13
419
1270
71
538
1145
351
870
981
446
61
631
23
870
113
61
941
877
49
71
538
1258
113
1055
71
538
1145
57
417
870
517
1123
61
467
618
293
676
1024
71
1058
59
1098
721
236
214
1074
478
761
704
678
1112
155
292
870
981
446
1029
163
721
19
1277
1193
64
618
980
502
1136
618
232
851
895
870
113
1055
672
1173
706
721
276
517
1127
457
71
1058
59
627
71
470
1202
1059
663
113
870
981
954
1123
870
113
61
1007
1150
71
20
997
506
618
293
557
851
870
113
1055
954
71
741
490
699
730
618
980
1097
505
1054
176
618
293
676
503
721
236
1281
1253
704
1267
772
19
1243
870
517
1127
457
26
618
293
105
1097
704
1267
772
1112
618
293
557
1075
870
517
78
1222
870
895
550
39
420
71
741
246
1194
638
870
113
337
26
1246
709
71
470
1005
275
542
251
71
20
300
279
71
470
222
517
78
131
870
113
120
788
170
704
1267
552
890
870
113
1055
1139
941
704
967
628
31
187
1283
721
276
517
1123
61
170
870
113
1055
1139
789
618
293
13
419
857
932
71
1058
484
509
71
1058
59
1098
618
980
398
793
254
721
238
98
226
1236
71
741
490
699
730
1131
704
678
1112
16
618
232
1034
844
302
71
741
286
269
356
572
618
232
1209
857
932
29
704
678
276
113
61
618
293
105
398
721
238
1070
1252
636
1025
721
1112
155
1084
73
488
704
678
19
480
721
1112
96
1292
315
618
293
105
1097
505
704
1267
552
628
71
1058
962
193
704
1267
772
1112
16
721
1112
155
1242
870
895
614
1055
1139
1007
870
895
982
9
721
1112
180
367
229
771
870
895
1237
1123
704
1267
772
19
1277
704
1267
267
1256
699
71
470
1202
1059
935
71
20
997
1071
407
323
870
895
982
954
1123
1064
71
538
1145
827
704
1267
552
890
629
704
678
19
601
721
276
517
665
374
348
704
1267
772
236
367
75
71
538
437
998
380
154
870
895
1237
1127
9
707
721
1112
155
1084
721
19
601
526
618
980
1097
731
704
967
628
31
755
245
721
238
98
551
80
721
238
128
183
618
980
1097
909
303
517
704
967
628
500
870
895
1237
78
1222
337
618
293
676
503
870
517
78
1222
704
1267
772
238
721
236
1281
271
721
19
1277
853
93
721
19
977
918
139
618
232
851
113
618
232
1034
1281
704
678
276
517
1123
1055
71
1058
153
377
393
704
1267
772
276
721
238
98
226
1236
314
618
293
105
398
27
904
71
1058
153
929
721
236
399
67
395
704
678
1112
16
621
1167
71
1058
153
929
895
704
967
1101
772
721
276
895
982
71
1058
484
643
618
980
863
1233
1182
704
1267
772
19
977
439
618
293
676
868
704
1267
552
628
870
113
337
150
1139
721
236
399
771
401
704
1267
772
1112
96
225
704
678
19
601
618
232
851
895
704
1267
772
238
721
1112
155
1242
721
276
517
1123
721
19
1277
1178
458
71
1058
766
1012
368
71
1058
962
884
870
113
61
941
721
238
128
183
1025
94
870
895
550
888
870
113
337
150
1139
71
20
1164
522
870
517
78
671
124
1029
870
981
9
642
859
634
721
19
480
745
1177
704
1267
772
19
480
721
1112
16
621
639
870
113
61
631
665
26
71
20
300
1108
1042
721
238
1070
597
71
1058
766
821
971
858
870
981
954
1123
1064
727
71
470
1202
1059
870
981
446
1064
1150
824
704
967
890
629
841
870
113
120
665
656
618
232
385
765
606
40
721
1112
180
844
302
870
517
1123
1064
131
656
704
1267
772
276
721
19
1277
1193
376
12
704
1267
772
276
517
618
232
1034
399
1265
870
517
665
374
704
1267
552
628
31
739
721
236
844
177
447
449
618
980
502
1121
721
1112
96
225
1022
30
71
538
493
222
113
721
1112
96
1292
721
1112
180
367
618
293
13
927
704
1267
772
19
721
276
981
9
642
618
293
105
502
704
1267
552
628
500
1119
721
1112
96
225
305
71
538
1145
845
721
238
108
268
551
647
721
1112
155
1304
138
704
1267
552
628
1017
704
967
1101
772
236
870
895
1237
665
374
721
236
844
442
704
1267
491
399
912
618
293
13
249
682
1271
704
678
236
214
721
1112
96
1300
721
19
1277
1178
826
618
293
105
863
266
618
293
105
1097
870
113
61
941
320
870
113
1064
353
457
721
1112
180
844
721
236
367
366
883
704
1267
491
399
870
981
9
707
964
35
870
517
1123
1029
824
618
232
851
113
120
721
1112
155
1242
721
238
108
1011
71
741
286
188
352
721
236
844
177
618
293
105
828
132
870
981
446
1064
618
980
863
698
113
870
113
337
26
1228
618
232
1209
857
932
29
721
19
480
745
1286
71
741
1190
1056
870
113
337
476
71
20
1164
1176
599
870
895
982
446
120
71
1058
484
135
243
721
1112
16
477
1259
6
71
538
51
1057
1295
618
293
557
385
256
618
293
557
851
721
1112
16
621
704
967
628
609
704
1267
491
1281
733
721
276
517
78
1222
337
71
470
1079
44
870
113
1055
9
870
517
78
353
446
1029
704
1267
267
1256
1069
870
113
1055
954
665
26
870
981
9
382
618
293
105
398
27
704
967
628
908
71
20
149
595
4
870
113
61
170
1033
167
71
1058
484
1254
895
550
618
293
557
1209
857
618
293
557
1034
367
870
895
614
120
870
113
337
668
704
678
19
977
1235
721
276
895
1237
704
1267
267
590
1171
870
113
337
26
240
353
618
293
676
868
817
618
293
13
419
721
236
367
366
50
870
895
614
1055
672
71
538
1258
113
61
941
704
1267
772
236
870
113
1055
954
618
980
398
423
721
19
480
738
870
895
614
1064
704
967
1101
72
71
470
570
1200
71
20
997
425
1148
129
618
293
105
502
704
967
628
500
1289
19
618
980
1097
1268
933
710
721
19
1243
7
71
741
286
652
572
618
293
13
927
704
1267
267
308
71
20
997
1071
1080
721
1112
155
1084
618
293
105
502
1121
618
293
557
1075
157
1216
721
238
128
183
414
1303
721
19
1243
14
533
870
113
120
940
1246
515
870
895
550
39
86
618
980
1097
1275
71
470
570
280
278
870
113
1064
353
618
293
557
851
870
981
446
337
476
1007
721
19
977
918
263
965
704
1267
267
184
730
89
618
293
676
227
981
446
721
276
113
120
78
704
1267
772
19
601
1129
870
981
446
120
940
704
678
1112
16
55
1089
618
293
557
851
113
120
618
293
676
503
721
19
1243
7
583
618
293
676
227
113
721
19
1277
853
597
945
721
1112
180
1281
870
113
1064
353
71
1058
153
377
684
618
232
851
517
1123
61
870
113
1055
457
704
678
238
128
183
312
618
980
1097
731
683
71
470
1079
44
752
721
236
214
872
632
882
870
981
446
1029
704
1267
772
1112
16
621
704
1267
552
628
1279
71
20
997
425
1148
870
895
550
1109
1185
165
870
113
61
941
877
1013
71
1058
59
1061
895
614
704
1267
552
890
721
238
98
985
747
721
236
367
229
67
704
967
1101
267
1256
704
1267
772
276
71
20
149
957
358
430
870
895
982
672
1222
704
1267
552
628
1279
618
232
1075
942
870
113
120
788
870
517
78
1222
61
721
236
214
1074
721
19
601
921
332
1262
71
538
1145
845
435
71
538
437
453
158
993
704
678
236
1281
1019
721
1112
155
1084
956
219
618
293
676
379
618
293
676
868
1047
870
981
672
1222
61
71
538
437
558
704
678
19
601
110
1281
618
232
1075
942
939
618
293
13
419
857
759
870
113
337
26
1228
704
967
890
622
951
870
113
120
665
656
618
232
1209
857
999
704
1267
491
399
721
1112
155
777
1240
477
870
113
61
631
940
71
20
1266
654
887
71
1058
766
1128
568
1027
721
276
981
954
1123
870
895
982
672
131
374
618
293
105
1097
71
741
1116
596
5
71
1058
766
803
71
741
286
269
854
953
721
1112
155
292
688
71
1058
484
135
577
1084
721
19
1277
301
704
678
276
113
704
1267
552
628
500
704
678
1112
155
292
870
113
1055
9
487
561
704
678
238
1070
206
708
721
1112
16
387
1132
618
980
1097
731
870
517
665
374
704
1267
772
238
98
71
1058
962
518
618
293
105
863
886
721
236
844
177
870
113
1064
1150
163
498
721
238
128
83
870
113
120
1127
672
618
232
1075
1278
804
71
538
51
1057
825
920
618
293
13
927
103
1137
870
113
1055
1139
71
741
286
494
1026
870
895
1237
1123
618
293
105
502
1136
618
980
1097
731
683
618
293
105
863
870
895
614
1064
721
19
601
510
1036
618
232
1209
1270
1082
936
870
113
1064
1150
163
704
1267
772
19
480
874
870
895
614
61
704
1267
491
367
375
562
704
678
238
1070
1252
618
293
105
398
870
517
1123
1029
870
113
120
78
618
293
13
1216
517
721
236
1281
271
1290
291
71
470
570
280
687
1030
618
232
1034
1281
412
71
741
246
608
704
1267
772
236
870
113
337
26
564
672
704
678
19
1243
1077
704
967
890
629
195
455
618
980
863
266
721
236
214
486
979
585
870
895
1237
78
704
1267
772
276
704
967
890
622
71
741
1116
541
870
981
446
337
476
1007
721
238
108
1011
870
517
1127
457
374
1064
704
678
276
113
337
26
704
678
1112
155
777
703
704
1267
491
399
67
71
538
1258
113
1055
704
1267
552
890
189
478
71
470
570
546
369
1225
870
113
1055
1139
1007
727
721
238
1070
93
721
236
399
1265
53
71
20
1164
1181
1071
704
967
628
908
514
721
276
895
982
672
1238
721
238
98
298
324
618
293
105
398
793
411
618
293
13
605
256
221
870
895
982
954
1123
1029
618
980
863
886
1041
1138
870
517
665
374
1064
870
981
446
1064
1238
71
1058
766
1128
71
538
1145
351
71
20
300
197
1071
721
1112
180
1281
412
445
704
1267
552
890
335
1011
721
19
977
1032
704
1267
552
628
1017
870
981
9
487
357
136
71
470
1079
205
870
517
1127
9
704
1267
552
890
404
392
870
113
61
631
1127
457
71
1058
484
509
277
721
19
480
874
391
721
19
1277
301
97
1221
618
232
1075
1278
460
497
618
293
13
605
574
1006
618
293
557
1034
1281
71
538
493
1202
1087
704
678
276
517
1123
721
1112
16
387
1090
494
618
293
105
828
721
19
480
520
855
870
981
672
1238
1123
337
71
1058
59
847
71
741
246
608
721
276
517
78
870
895
550
888
273
258
704
1267
772
236
71
20
1266
576
1197
71
1058
59
627
593
1083
71
538
1145
351
721
19
601
921
270
71
470
1079
205
910
618
232
385
765
310
1281
71
470
1079
1309
22
973
71
1058
153
18
71
538
437
573
618
980
828
1184
71
741
490
902
1056
704
1267
772
19
601
71
741
1190
626
565
618
293
557
1034
870
113
1055
672
1150
879
721
276
895
550
888
870
981
954
1123
1064
1173
704
1267
772
236
367
75
870
113
337
893
704
1267
491
214
641
1220
618
293
105
863
266
870
517
1123
1055
704
1267
772
19
601
721
1112
180
367
704
1267
772
1112
16
71
1058
153
377
1269
991
618
293
105
863
698
981
721
19
480
1241
704
678
238
98
71
470
1079
790
525
618
293
105
828
132
721
19
977
1235
71
1058
59
1061
981
446
71
470
1202
924
988
981
71
20
997
1071
71
1058
153
377
71
1058
59
847
721
276
517
78
353
870
113
120
788
71
538
1145
827
405
661
721
1112
155
1304
721
238
98
726
501
618
293
676
1024
908
427
704
1267
491
844
177
200
71
1058
59
627
704
1267
552
890
629
898
71
20
300
197
506
252
721
19
480
1241
704
678
238
37
94
704
1267
552
628
1279
462
618
293
557
851
113
71
1058
484
1254
704
1267
267
504
652
88
71
538
1145
827
295
704
678
238
128
721
236
214
641
618
293
105
502
704
1267
772
19
1243
870
517
78
353
721
238
108
563
216
133
721
276
981
9
707
704
678
276
113
61
467
704
678
238
37
704
1267
267
184
608
618
293
105
398
721
276
981
954
1123
704
678
1112
96
721
238
1070
206
1133
618
293
676
868
817
1095
704
1267
267
504
304
958
721
276
895
614
71
741
246
608
549
463
704
1267
552
628
31
704
678
19
480
721
1112
155
1242
1188
811
870
895
982
9
707
618
293
557
851
113
71
1058
59
847
1028
721
1112
155
292
901
71
741
246
1194
1158
207
870
895
982
954
665
704
678
1112
155
71
741
246
608
549
704
967
628
1279
816
71
1058
766
1012
345
71
538
51
130
1126
618
293
105
398
704
1267
772
238
37
281
870
113
120
78
671
704
678
276
517
78
71
538
1145
351
113
618
980
828
441
517
71
741
246
730
704
1267
772
236
870
113
337
476
870
113
1064
671
704
1267
772
276
981
721
236
844
177
704
1267
552
628
31
71
741
1190
626
565
220
71
741
286
269
704
1267
552
628
500
1289
704
967
628
500
870
113
61
941
578
71
538
1258
113
721
276
113
1064
671
941
704
1267
267
504
721
276
981
446
61
789
618
293
105
863
60
618
980
1097
1275
870
895
550
836
624
618
293
557
1209
618
232
1034
367
366
618
293
13
927
1203
832
870
517
665
374
1029
71
741
1116
718
71
470
570
559
870
895
614
1055
9
71
1058
59
272
870
895
982
9
721
236
399
771
799
371
71
20
300
1108
339
309
870
113
61
170
161
802
618
980
863
698
704
1267
772
236
844
1291
870
895
550
39
71
538
51
722
869
247
71
20
997
425
721
236
214
641
618
980
502
963
948
71
20
1164
359
523
660
704
967
890
622
93
71
1058
153
377
778
71
20
997
425
71
20
149
615
919
721
1112
180
1281
733
704
967
1101
772
71
538
437
998
704
678
238
98
704
1267
267
504
71
741
490
65
71
1058
59
1098
746
870
113
337
893
1150
870
981
446
120
71
741
286
304
958
253
618
232
1034
214
618
293
105
1097
731
870
517
665
150
71
538
493
222
517
721
236
1281
412
445
618
232
851
981
954
618
980
502
1050
598
71
20
1164
287
704
967
1101
72
1274
0
870
113
1064
131
26
721
1112
155
777
703
1223
71
20
1266
654
618
293
557
1034
704
967
628
908
261
704
967
628
31
1162
711
71
538
1258
517
618
293
557
1209
450
236
704
967
628
31
297
704
967
890
404
392
1180
721
238
37
465
704
1267
552
890
404
201
71
20
1266
1272
1014
870
113
61
1007
721
236
367
229
870
113
1064
671
704
967
628
908
870
113
120
940
163
498
721
238
1070
597
870
981
446
120
665
870
517
1123
337
656
704
967
1101
772
19
601
721
1112
155
1084
1273
639
870
113
61
631
1127
672
870
517
665
893
671
870
981
9
382
71
20
997
506
721
19
977
612
1036
870
517
665
476
618
293
557
1075
942
406
721
276
981
446
704
1267
491
844
749
402
870
517
1123
61
870
981
672
1222
618
293
557
1034
704
1267
772
238
108
870
981
446
337
668
788
71
470
222
113
61
941
704
967
1101
772
618
980
502
1050
819
870
517
78
131
150
618
293
105
398
704
1267
267
504
269
721
236
214
872
786
392
721
19
601
110
721
19
977
612
583
281
618
293
13
249
704
1267
491
399
1265
870
895
614
337
668
71
20
149
957
28
513
704
678
236
367
797
508
618
232
1209
62
224
1296
721
19
480
874
870
113
1064
131
150
954
618
293
105
863
704
678
1112
180
721
1112
96
225
1046
796
71
741
286
652
572
870
895
614
1055
672
1173
704
1267
552
628
1017
403
704
967
890
629
841
600
71
20
997
425
1148
795
71
741
246
1194
870
895
982
446
337
893
618
293
105
398
721
276
981
672
1222
704
1267
772
19
704
678
19
601
1129
704
1267
267
504
721
236
844
1291
114
870
113
1064
131
656
162
721
276
517
1123
870
895
614
61
704
678
236
399
912
1264
71
538
493
222
870
113
1055
672
1150
870
113
337
476
170
71
1058
153
1157
234
721
1112
155
1304
618
980
863
886
1041
36
704
1267
267
504
188
618
980
828
132
179
233
870
113
61
941
877
618
293
105
1097
71
538
1145
351
113
71
1058
766
1128
1195
104
704
967
890
629
841
704
678
238
37
721
236
844
749
625
71
538
1258
895
704
1267
772
236
704
678
238
108
1011
870
113
1055
1139
789
721
276
895
614
61
631
704
1267
267
308
626
721
276
981
672
1222
61
721
236
399
265
785
71
20
149
615
806
474
704
1267
552
628
721
1112
155
1304
209
704
678
19
1277
301
1250
704
1267
552
890
189
346
71
538
51
1111
966
704
1267
552
628
1017
245
71
20
1266
654
613
1152
71
470
570
559
553
721
236
1281
733
756
758
618
293
557
1209
62
947
704
678
238
98
985
1211
704
967
628
500
1283
618
232
1034
844
442
71
470
570
1200
228
924
721
238
108
1192
204
71
741
286
304
719
428
618
293
105
398
71
741
286
188
930
618
980
398
296
870
517
665
893
704
678
276
113
618
293
105
863
618
980
863
1233
736
1067
618
293
105
863
698
618
293
13
1216
113
618
232
1034
399
771
721
236
399
67
395
71
470
1005
370
71
470
570
280
278
113
721
238
37
281
838
618
980
1097
505
704
967
1101
772
276
71
20
997
506
715
386
870
113
1055
954
788
1007
618
293
557
851
113
618
232
1209
1270
721
1112
155
1242
262
1191
721
276
517
1127
446
618
980
828
441
618
232
1075
942
438
721
276
981
672
1222
870
517
665
374
1055
862
870
113
120
940
721
1112
96
225
1046
1063
71
741
1190
1056
870
895
982
954
665
26
618
232
385
349
527
674
618
293
557
851
981
870
981
672
131
71
741
1116
818
1051
71
470
1079
205
764
34
618
293
676
227
870
895
1237
1123
870
113
61
467
672
1173
704
1267
491
844
177
447
618
293
13
419
857
870
517
78
353
446
662
721
1112
16
807
454
1298
704
967
628
908
261
652
721
238
1070
597
618
293
676
868
1047
367
721
238
108
115
630
721
238
108
1192
204
712
618
293
13
605
721
238
1070
206
172
618
232
385
765
705
71
538
437
998
380
492
721
1112
96
1292
112
721
276
895
982
954
665
71
470
1202
452
76
547
870
113
120
940
71
470
1202
1059
935
1099
71
470
570
694
721
238
128
183
312
704
678
236
399
67
870
895
982
672
618
980
1097
1268
933
721
1112
155
1242
896
870
517
665
374
71
1058
484
489
870
113
1055
672
1150
879
704
967
628
500
704
1267
491
367
71
538
1258
895
614
618
232
851
517
1127
71
20
1164
287
1310
507
721
236
214
648
720
434
721
236
367
75
381
141
618
293
676
227
71
470
1005
275
542
721
238
108
115
146
216
870
113
120
1127
862
1246
618
232
385
574
704
967
890
189
721
238
1070
206
708
721
236
367
797
1155
704
1267
772
276
704
967
1101
491
367
75
618
980
502
1121
71
20
149
11
875
618
293
105
398
1159
704
1267
267
184
730
317
704
1267
491
844
618
293
13
1216
618
293
557
851
517
704
967
890
629
74
618
980
863
886
1041
618
293
676
379
1112
721
1112
96
225
1046
69
721
276
517
78
721
1112
96
1300
870
981
446
1029
240
704
1267
552
628
704
1267
772
1112
96
870
895
1237
1123
721
276
517
1123
1029
618
232
1075
942
438
618
232
1034
399
704
1267
772
276
721
236
399
67
200
186
721
1112
16
55
903
809
721
19
1243
1077
1288
71
1058
153
1157
721
236
214
648
42
1062
870
113
1064
131
656
1248
721
236
367
75
381
1156
704
1267
491
399
870
113
337
668
788
721
1112
16
387
618
980
828
536
1085
517
618
232
1209
62
224
618
293
676
1024
908
704
678
276
981
704
1267
491
399
1265
38
704
1267
772
236
721
238
98
226
704
678
236
844
1291
56
71
538
1145
827
721
276
113
337
150
618
293
557
1209
1044
181
71
741
246
1194
638
1048
71
538
51
1111
1244
618
980
863
60
276
895
870
517
665
893
704
1267
552
890
189
870
113
61
631
23
1248
870
113
61
941
320
987
721
19
480
738
704
678
236
399
71
538
437
453
873
1021
71
470
1079
1309
198
1059
71
741
1116
541
835
71
20
149
957
319
71
1058
962
518
71
470
1005
275
542
71
470
1005
275
71
470
570
280
721
236
1281
271
582
448
721
236
214
641
1133
721
236
214
872
786
392
721
19
480
1241
618
293
105
1097
731
870
895
1237
1123
618
980
502
963
721
238
108
563
71
470
1005
275
704
1267
772
276
870
981
672
131
26
889
704
1267
267
1256
754
33
870
113
1064
353
704
1267
491
367
75
618
232
1075
157
419
721
276
113
1055
618
293
676
227
71
20
997
425
323
618
232
1075
1231
734
721
276
113
61
1007
1150
721
19
480
874
1141
196
870
895
614
120
78
1173
704
1267
772
19
601
1129
618
293
676
1024
870
981
9
707
1040
350
618
293
557
1075
1231
618
980
398
27
109
1118
704
967
628
1279
711
870
981
9
642
618
293
557
1075
1231
71
20
997
425
870
895
614
337
150
1139
704
678
19
1277
721
1112
180
399
721
1112
180
844
302
712
721
236
844
177
524
1015
71
470
1202
1059
935
1072
721
276
113
337
476
467
721
1112
155
777
71
20
1266
654
613
899
71
1058
153
929
517
618
293
557
1209
857
71
538
1145
351
113
61
618
232
1075
92
878
618
232
1034
367
229
912
870
517
1127
457
374
61
721
236
367
229
721
236
399
912
562
71
741
490
754
870
517
1123
1064
870
113
337
668
78
353
618
980
398
423
721
19
601
1129
16
721
276
517
78
870
113
337
893
1150
704
967
890
189
1088
1252
721
238
98
226
704
1267
552
628
704
1267
267
184
730
618
293
105
1097
909
71
538
1258
517
78
671
870
981
672
1238
71
741
1116
916
1071
1080
618
293
557
1034
844
721
236
214
872
71
470
1202
1059
618
293
557
1075
1278
721
276
113
61
941
877
704
678
236
399
618
232
851
981
9
618
232
1075
1231
71
1058
766
1128
84
721
1112
96
225
870
113
120
78
71
470
570
694
361
230
704
1267
552
628
908
427
704
678
236
844
749
870
895
614
337
721
276
517
1123
337
870
113
1055
672
870
113
120
78
353
1139
870
981
9
487
255
721
276
113
61
1007
1150
618
980
1097
731
757
1115
704
1267
552
890
622
1252
870
895
1237
665
374
870
113
1064
353
9
704
678
1112
180
399
721
1112
180
214
641
71
20
997
1071
407
721
276
895
550
870
113
61
941
877
721
238
108
268
298
324
618
293
13
249
704
1267
491
214
71
538
51
394
870
981
9
382
721
276
895
1237
78
721
238
98
985
1198
1134
721
236
214
486
618
293
676
503
1136
71
470
1079
928
924
413
721
238
37
465
71
20
300
1108
581
721
1112
16
477
466
71
741
1116
818
1051
71
538
51
1111
142
1045
704
1267
267
590
870
981
9
707
870
113
337
476
631
940
71
538
437
998
773
328
704
1267
772
19
1243
7
870
517
665
374
61
1219
704
1267
491
214
641
704
1267
491
214
648
1060
618
293
557
1075
721
276
517
1123
71
538
1145
845
949
516
71
741
1190
1056
721
1112
180
367
797
618
293
105
863
60
238
71
470
1202
924
159
721
238
128
83
1303
721
276
981
9
487
71
538
51
1111
142
618
293
105
1097
704
678
19
601
110
214
618
980
502
1121
290
618
293
105
863
698
981
704
967
628
1279
711
117
870
113
1064
131
476
870
113
337
668
940
879
721
238
108
563
216
721
19
480
874
1141
732
704
1267
772
276
517
704
678
19
977
612
721
238
128
183
1025
383
704
1267
772
1112
96
721
1112
180
1281
733
721
1112
155
1084
649
870
981
954
1123
61
1007
71
470
570
559
839
325
618
980
863
266
71
741
1190
173
213
618
293
13
927
495
950
71
20
300
1169
544
721
238
108
268
551
80
704
678
238
108
1011
206
870
895
614
337
476
71
470
1202
1059
1094
311
870
113
1064
1238
665
174
870
895
1237
1127
71
20
149
11
1154
1161
618
293
13
419
704
1267
491
844
721
276
113
61
941
704
1267
552
890
622
71
20
149
957
1183
700
704
678
1112
155
1304
209
870
113
120
940
618
293
105
502
870
113
1064
671
170
618
293
676
503
1121
721
238
1070
597
71
741
1116
596
1187
704
1267
267
1256
65
870
113
1055
672
1173
706
870
517
78
671
941
877
71
20
997
1071
1149
618
980
1097
1268
1053
134
721
236
399
912
408
870
895
982
446
1029
721
1112
180
214
618
293
676
503
666
1135
71
538
51
722
71
741
286
652
572
870
895
614
61
467
457
71
1058
766
821
618
232
1075
1231
947
721
238
128
763
1039
870
981
954
788
124
721
276
981
954
704
1267
552
628
704
1267
491
367
229
67
71
538
51
1111
1244
704
1267
772
1112
155
292
71
1058
484
135
71
20
300
336
618
980
828
217
147
704
967
628
31
739
944
721
276
895
614
618
232
1034
214
486
870
895
1237
1123
704
967
890
335
563
584
870
113
337
150
9
618
980
398
793
870
981
672
1222
618
293
676
379
238
618
293
557
385
579
87
870
517
665
374
1029
704
967
1101
772
870
113
120
1127
457
26
704
678
1112
180
1281
870
517
78
1222
61
789
618
293
13
927
1203
984
71
1058
766
1128
568
867
618
293
557
851
113
1055
721
1112
96
225
704
1267
772
19
977
439
721
236
844
749
870
113
61
941
704
678
276
981
446
120
870
113
1055
1139
170
618
293
13
1216
870
517
78
131
374
662
71
1058
484
509
534
990
704
678
236
399
912
408
870
517
665
374
721
238
108
268
726
870
113
1064
131
26
71
741
490
699
730
618
293
676
227
870
981
446
61
170
704
678
238
1070
870
113
337
26
71
741
286
494
1026
71
1058
59
847
1153
870
113
120
788
1007
727
618
980
398
27
787
19
721
276
113
1055
721
19
601
110
367
375
71
741
1190
1186
71
20
1164
1181
618
232
385
579
704
678
238
1070
93
770
870
981
446
61
789
721
19
977
1032
1288
1049
704
1267
772
19
721
236
214
1074
1088
71
470
222
517
665
71
20
997
1071
721
1112
155
1304
870
981
672
1222
337
870
895
1237
78
1222
704
967
890
335
1192
704
967
890
189
870
113
120
940
704
1267
491
1281
271
71
741
286
188
866
288
71
20
1266
1272
362
409
721
1112
16
55
530
870
895
614
337
476
1007
618
293
557
1034
71
1058
766
803
43
870
113
337
150
870
517
665
150
1139
170
704
678
238
108
71
741
1116
818
1096
768
71
741
1116
596
241
71
470
1005
228
1087
71
470
1005
1213
981
9
71
470
1079
205
1172
17
721
276
517
78
1222
721
1112
96
225
664
704
967
1101
772
236
870
895
614
337
150
618
232
385
256
221
618
232
1209
450
238
1070
721
238
98
298
1205
721
1112
155
292
688
737
704
678
1112
16
71
538
1145
351
981
870
113
61
941
877
885
618
980
398
1159
618
980
1097
1275
285
886
721
1112
96
225
1022
695
704
1267
552
628
618
232
385
574
1168
881
721
236
1281
271
1290
54
870
113
337
150
862
240
704
1267
491
399
265
618
293
105
398
27
704
678
1112
96
618
980
398
793
340
784
618
980
398
1159
450
704
1267
772
236
844
442
870
895
982
9
721
276
113
120
665
704
678
276
895
1237
618
232
1075
157
870
113
1064
671
170
721
1112
180
399
912
429
870
113
120
78
721
276
113
337
668
23
71
538
51
394
870
113
1055
457
668
618
980
502
1050
819
618
293
105
502
704
1267
491
367
71
741
490
699
730
618
293
557
1209
1270
704
678
1112
180
721
1112
16
55
530
164
704
1267
772
1112
870
113
120
665
476
1007
618
293
676
503
666
190
870
113
120
1127
9
728
71
1058
59
627
995
843
870
113
1064
131
26
879
704
1267
491
367
797
201
618
980
828
132
776
1189
704
1267
772
1112
16
55
704
1267
552
628
1017
66
704
1267
552
628
1279
711
870
981
9
707
964
1035
71
538
437
998
380
71
470
570
694
618
293
557
851
113
337
704
1267
491
844
302
71
741
246
730
317
242
870
113
1055
672
1238
794
71
20
300
1169
721
238
128
83
1303
704
1267
552
890
622
870
517
1123
337
656
937
870
113
337
668
721
276
981
954
1123
704
1267
267
504
618
293
13
1216
895
1237
71
741
286
188
866
545
704
1267
491
1281
870
981
672
131
704
967
890
335
1011
206
721
276
981
672
131
870
517
1127
446
337
618
980
502
1050
819
721
1112
16
55
71
741
490
65
188
253
704
967
1101
491
367
366
618
293
13
605
71
538
1258
517
1127
446
721
238
98
298
1205
618
293
105
863
886
118
704
1267
772
1112
155
292
721
236
367
75
381
469
870
981
954
1123
721
19
601
921
332
721
238
128
763
451
721
1112
155
777
1240
477
71
538
493
1079
704
1267
491
1281
271
71
741
286
304
719
704
1267
552
628
870
895
1237
1127
457
71
538
51
722
344
704
967
628
908
775
618
293
105
398
423
704
1267
772
238
128
83
618
293
676
227
981
446
721
236
399
1265
100
704
1267
552
628
704
1267
772
19
977
870
113
1064
1238
71
20
300
1108
1042
800
721
19
977
1235
870
517
665
374
1055
721
238
37
635
521
870
981
954
788
941
877
721
276
981
954
78
1222
618
293
105
502
666
531
704
1267
267
184
71
20
149
611
721
1112
96
1300
69
870
895
982
672
1238
940
71
20
997
425
323
704
967
890
622
206
46
704
1267
772
238
128
721
238
128
83
636
681
618
232
1209
1044
1216
870
113
61
170
556
813
71
1058
766
803
71
538
1258
895
704
1267
491
399
870
981
446
337
668
788
618
293
676
503
666
721
236
844
302
721
19
1243
602
721
1112
155
1242
721
19
977
439
618
293
676
868
817
71
1058
962
884
870
113
1064
131
668
940
870
895
614
61
721
19
601
1129
96
71
20
300
279
721
238
128
83
870
113
1064
1150
721
19
601
526
704
1267
772
236
214
704
1267
552
628
721
236
844
749
402
426
618
293
676
868
1047
367
71
538
51
130
1126
870
895
550
829
721
19
1277
853
704
1267
267
308
71
1058
59
627
995
870
113
337
668
870
113
1064
1150
